62003016	Faith	Nous avons connu la charité, en ce qu'Il a donné sa vie pour nous; nous aussi, nous devons donner notre vie pour nos frères.
43013001	Grace	Avant la fête de Pâque, Jésus, sachant que son heure était venue pour passer de ce monde au Père, comme il avait aimé les siens qui étaient dans le monde, il les aima jusqu'à la fin.
58003017	Sin	Et contre qui Dieu fut-il irrité pendant quarante ans; n'est-ce pas contre ceux qui péchèrent, dont les corps tombèrent dans le désert?
60001014	Recommendation	Comme des enfants obéissants, ne vous conformez point aux convoitises de votre ignorance d'autrefois.
45011032	Grace	Car Dieu a renfermé tous les hommes dans la rébellion, pour faire miséricorde à tous.
66006006	Description	Et j'entendis une voix au milieu des quatre animaux, qui disait: Une mesure de froment pour un denier, et trois mesures d'orge pour un denier; mais ne gâte point l'huile ni le vin.
59004010	Recommendation	Humiliez-vous devant le Seigneur, et il vous élèvera.
44017031	Grace	Parce qu'il a fixé un jour, où il doit juger le monde avec justice, par l'Homme qu'il a établi, ce dont il a donné à tous une preuve certaine, en le ressuscitant des morts.
43019002	Description	Et les soldats ayant tressé une couronne d'épines, la lui mirent sur la tête, et le vêtirent d'un manteau de pourpre.
54005014	Recommendation	Je veux donc que les plus jeunes se marient, qu'elles aient des enfants, qu'elles gouvernent leur ménage, et ne donnent à l'adversaire aucun sujet de médire.
43014011	Faith	Croyez-moi quand je dis que je suis dans le Père, et que mon Père est en moi; sinon, croyez-moi à cause de ces ouvres mêmes.
66020014	Violence	Et la mort et l'enfer furent jetés dans l'étang de feu; c'est la seconde mort.
58009026	Description	Puisqu'il aurait fallu qu'il souffrît plusieurs fois depuis la création du monde; mais à présent, à la consommation des siècles, il a paru une seule fois pour abolir le péché, en se sacrifiant lui-même.
44013018	Description	Et il les supporta et les nourrit dans le désert, l'espace d'environ quarante ans.
46011033	Recommendation	C'est pourquoi, mes frères, quand vous vous assemblez pour manger, attendez-vous les uns les autres.
66006012	Violence	Et je regardai, lorsque l'Agneau eut ouvert le sixième sceau, et voici, il se fit un grand tremblement de terre, et le soleil devint noir comme un sac de crin, et la lune devint comme du sang.
58011035	Violence	Des femmes recouvrèrent leurs morts par la résurrection; d'autres furent torturés, n'ayant point accepté de délivrance pour obtenir une meilleure résurrection;
44016037	Violence	Mais Paul dit aux licteurs: Après nous avoir battus de verges publiquement, sans jugement, nous qui sommes Romains, ils nous ont mis en prison; et maintenant ils nous font sortir en secret; non certes! mais qu'ils viennent eux-mêmes nous faire sortir.
45013009	Recommendation	En effet, les commandements: Tu ne commettras point adultère; tu ne tueras point; tu ne déroberas point; tu ne diras point de faux témoignage; tu ne convoiteras point; et tout autre commandement, tout cela se résume dans cette parole: Tu aimeras ton prochain comme toi-même.
62003003	Faith	Et quiconque a cette espérance en lui, se purifie lui-même, comme lui est pur.
45007022	Faith	Car je prends plaisir à la loi de Dieu, selon l'homme intérieur;
50004004	Recommendation	Réjouissez-vous toujours dans le Seigneur; je le dis encore
66001012	Description	Alors je me retournai pour voir d'où venait la voix qui me parlait; et m'étant retourné, je vis sept chandeliers d'or;
58003018	Sin	Et à qui jura-t-il qu'ils n'entreraient point dans son repos, si ce n'est à ceux qui s'étaient rebellés?
43010008	Sin	Tous ceux qui sont venus avant moi sont des larrons et des brigands, mais les brebis ne les ont point écoutés.
60002018	Recommendation	Domestiques, soyez soumis à vos maîtres en toute crainte, non seulement à ceux qui sont bons et indulgents, mais aussi à ceux qui sont difficiles.
44006013	Description	Et ils produisirent de faux témoins, qui disaient: Cet homme-ci ne cesse de proférer des paroles blasphématoires contre ce saint lieu et contre la loi.
47005018	Faith	Or, toutes ces choses viennent de Dieu, qui nous a réconciliés avec lui par Jésus-Christ, et qui nous a confié le ministère de la réconciliation.
59005010	Recommendation	Mes frères, prenez pour modèle de souffrance et de patience les prophètes qui ont parlé au nom du Seigneur.
44002021	Faith	Et il arrivera que quiconque invoquera le nom du Seigneur, sera sauvé.
66007012	Faith	En disant: Amen! La louange, la gloire, la sagesse, la grâce, l'honneur, la puissance et la force soient à notre Dieu, aux siècles des siècles! Amen.
60003003	Recommendation	Que votre parure ne soit point celle du dehors, l'entrelacement des cheveux, les ornements d'or ou l'ajustement des habits,
55001008	Faith	N'aie donc point honte du témoignage de notre Seigneur, ni de moi son prisonnier; mais souffre avec moi pour l'Évangile, par la puissance de Dieu,
43017019	Description	Et je me sanctifie moi-même pour eux, afin qu'eux aussi soient sanctifiés par la vérité.
66003002	Recommendation	Sois vigilant, et affermis le reste qui s'en va mourir; car je n'ai point trouvé tes œuvres parfaites devant Dieu.
66016004	Description	Le troisième ange versa sa coupe sur les fleuves et sur les sources d'eaux; et ils devinrent du sang.
45005002	Faith	Qui, par la foi, nous a aussi fait avoir accès à cette grâce, dans laquelle nous demeurons fermes, et nous nous glorifions dans l'espérance de la gloire de Dieu;
49005005	Sin	Car vous savez ceci, qu'aucun fornicateur, ou impudique, ou avare, qui est un idolâtre, n'a part à l'héritage du royaume de Christ et de Dieu.
58011008	Faith	Par la foi, Abraham, étant appelé, obéit, pour aller au pays qu'il devait recevoir en héritage, et partit, ne sachant où il allait.
49005018	Recommendation	Ne vous enivrez point de vin, qui mène au dérèglement; mais soyez remplis de l'Esprit;
61002002	Sin	Et plusieurs suivront leurs doctrines de perdition, et la voie de la vérité sera blasphémée à cause d'eux.
49002018	Faith	Car par lui nous avons, les uns et les autres, accès auprès du Père, dans un même Esprit.
44021025	Recommendation	Quant aux Gentils qui ont cru, nous avons décidé et nous leur avons écrit qu'ils ne devaient rien observer de semblable, mais se garder seulement de ce qui est sacrifié aux idoles, du sang, de ce qui est étouffé et de la fornication.
44005003	Sin	Mais Pierre lui dit: Ananias, pourquoi Satan s'est-il emparé de ton cour, que tu aies menti au Saint-Esprit, et détourné une part du prix de la terre?
49004014	Recommendation	Pour que nous ne soyons plus des petits enfants, flottants et emportés çà et là à tous vents de doctrine, par la tromperie des hommes, et par leur adresse à séduire artificieusement;
46006009	Sin	Ne savez-vous pas que les injustes n'hériteront point le royaume de Dieu?
58010025	Recommendation	N'abandonnons point notre assemblée, comme quelques-uns ont coutume de faire, mais exhortons-nous les uns les autres, et cela d'autant plus que vous voyez approcher le Jour.
51003005	Sin	Faites donc mourir ce qui dans vos membres tient à la terre, la fornication, l'impureté, les passions, les mauvais désirs, et l'avarice, qui est une idolâtrie;
52005008	Faith	Mais nous qui sommes du jour, soyons sobres, étant revêtus de la cuirasse de la foi, et de la charité, et du casque de l'espérance du salut.
55001007	Grace	Car Dieu ne nous a point donné un esprit de timidité, mais de force, de charité et de prudence.
62002004	Sin	Celui qui dit: Je l'ai connu, et qui ne garde point ses commandements, est un menteur, et la vérité n'est point en lui.
50002002	Faith	Rendez ma joie parfaite, étant en bonne intelligence, ayant une même charité, une même âme, un même sentiment;
43007030	Description	Ils cherchaient donc à se saisir de lui; mais personne ne mit la main sur lui, parce que son heure n'était pas encore venue.
54006018	Recommendation	De faire le bien, d'être riches en bonnes œuvres, prompts à donner, faisant part de leurs biens;
43018030	Description	Ils lui répondirent: Si ce n'était pas un malfaiteur, nous ne te l'aurions pas livré.
45014006	Faith	Celui qui observe les jours, les observe, à cause du Seigneur; et de même celui qui ne les observe pas, ne les observe pas, à cause du Seigneur; celui qui mange de tout, mange, à cause du Seigneur, car il rend grâces à Dieu; et celui qui ne mange pas de tout, ne mange pas à cause du Seigneur, et il en rend aussi grâces à Dieu.
45012012	Recommendation	Soyez joyeux dans l'espérance, patients dans l'affliction, persévérants dans la prière.
44024023	Description	Et il commanda à un centenier de garder Paul, mais de lui laisser quelque liberté, et de n'empêcher aucun des siens de le servir ou de l'approcher.
46013007	Description	Elle supporte tout, elle croit tout, elle espère tout, elle endure tout.
47004013	Faith	Mais ayant le même esprit de foi, selon qu'il est écrit: J'ai cru, c'est pourquoi j'ai parlé; nous aussi nous croyons, et c' est pourquoi nous parlons,
52005014	Recommendation	Nous vous en prions aussi, frères, reprenez ceux qui sont déréglés, consolez ceux qui ont le cœur abattu, supportez les faibles, et soyez patients envers tous.
66016010	Description	Le cinquième ange versa sa coupe sur le trône de la bête; et son royaume devint ténébreux; et les hommes se mordaient la langue de douleur.
48006016	Grace	Et pour tous ceux qui suivront cette règle, que la paix et la miséricorde soient sur eux, et sur l'Israël de Dieu!
44018025	Faith	Il avait été instruit dans la voie du Seigneur. Et, fervent d'esprit, il parlait et enseignait soigneusement ce qui regarde le Seigneur, bien qu'il n'eût connaissance que du baptême de Jean.
46010031	Recommendation	Soit donc que vous mangiez, soit que vous buviez, ou que vous fassiez quelque autre chose, faites tout pour la gloire de Dieu.
62002027	Recommendation	Mais l'onction que vous avez reçue de lui, demeure en vous; et vous n'avez pas besoin que personne vous enseigne; mais comme cette même onction vous enseigne toutes choses, et qu'elle est véritable, et qu'elle n'est point un mensonge, demeurez en lui, selon qu'elle vous a enseignés.
59002026	Faith	Car comme le corps sans âme est mort, de même, la foi sans les œuvres est morte.
44027035	Description	Ayant dit cela, il prit du pain, et rendit grâces à Dieu en présence de tous; et l'ayant rompu, il se mit à manger.
44015020	Sin	Mais leur écrire de s'abstenir des souillures des idoles, de la fornication, des animaux étouffés et du sang.
44023003	Sin	Alors Paul lui dit: Dieu te frappera, muraille blanchie; car tu es assis pour me juger selon la loi; et, transgressant la loi, tu commandes qu'on me frappe.
45008001	Description	Il n'y a donc maintenant aucune condamnation pour ceux qui sont en Jésus-Christ, qui marchent, non selon la chair, mais selon l'esprit;
52005009	Grace	Car Dieu ne nous a point destinés à la colère, mais à la possession du salut par notre Seigneur Jésus-Christ,
66020008	Violence	Et il sortira pour séduire les nations qui sont aux quatre coins de la terre, Gog et Magog, et il les assemblera pour combattre; et leur nombre est comme le sable de la mer.
46006011	Grace	Or c'est là ce qu'étaient quelques-uns de vous; mais vous avez été lavés, mais vous avez été sanctifiés, mais vous avez été justifiés au nom du Seigneur Jésus, et par l'Esprit de notre Dieu.
55001012	Faith	C'est pour cela aussi que je souffre ces choses; mais je n'en ai point honte, car je sais en qui j'ai cru, et je suis persuadé que par sa puissance il gardera mon dépôt jusqu'à ce jour-là.
49006018	Faith	Priant en tout temps par l'Esprit par toutes sortes de prières et de supplications; et veillant à cela en toute persévérance, et priant pour tous les Saints,
52001001	Grace	Paul, et Silvain, et Timothée, à l'Église des Thessaloniciens, en Dieu le Père, et en notre Seigneur Jésus-Christ. La grâce et la paix vous soient données de la part de Dieu notre Père, et du Seigneur Jésus-Christ.
50004005	Faith	Que votre douceur soit connue de tous les hommes. Le Seigneur est proche.
46011026	Faith	Car toutes les fois que vous mangez de ce pain, et que vous buvez de cette coupe, vous annoncez la mort du Seigneur, jusqu'à ce qu'il vienne.
59005015	Faith	Et la prière de la foi sauvera le malade, et le Seigneur le relèvera; et s'il a commis des péchés, ils lui seront pardonnés.
55001003	Faith	Je rends grâces à Dieu que je sers avec une conscience pure, comme mes ancêtres, car, nuit et jour, je ne cesse de faire mention de toi dans mes prières,
66006016	Description	Et ils disaient aux montagnes et aux rochers: Tombez sur nous, et cachez-nous de devant la face de celui qui est assis sur le trône, et de devant la colère de l'Agneau;
66002017	Description	Que celui qui a des oreilles, écoute ce que l'Esprit dit aux Églises: A celui qui vaincra, je lui donnerai à manger de la manne cachée; et je lui donnerai un caillou blanc, et sur le caillou sera écrit un nouveau nom, que personne ne connaît que celui qui le reçoit.
61002003	Sin	Et par cupidité ils trafiqueront de vous au moyen de paroles trompeuses; mais depuis longtemps leur condamnation ne s'arrête point, et leur perdition ne sommeille point.
53002011	Sin	C'est pourquoi Dieu leur enverra un esprit efficace d'égarement, pour qu'ils croient au mensonge;
45002024	Sin	Car le nom de Dieu est blasphémé à cause de vous parmi les Gentils, comme cela est écrit.
55003008	Sin	Et comme Jannès et Jambrès résistèrent à Moïse, ceux-ci de même résistent à la vérité; gens d'un esprit corrompu, et réprouvés à l'égard de la foi.
66003019	Recommendation	Je reprends et je châtie tous ceux que j'aime; aie donc du zèle, et te repens.
45005001	Faith	Etant donc justifiés par la foi, nous avons la paix avec Dieu, par notre Seigneur Jésus-Christ,
54004016	Recommendation	Prends garde à toi-même et à la doctrine: persévère dans ces choses; car en les faisant, tu te sauveras toi-même, et ceux qui t'écoutent.
44026011	Violence	Puis les châtiant fréquemment dans toutes les synagogues, je les contraignais à blasphémer; et transporté d'une extrême rage contre eux, je les persécutais jusque dans les villes étrangères.
48005019	Sin	Or, les œuvres de la chair sont manifestes, ce sont: l'adultère, la fornication, l'impureté, la dissolution,
46003007	Grace	C'est pourquoi ni celui qui plante, ni celui qui arrose, n'est quelque chose, mais Dieu qui donne l'accroissement.
46001007	Faith	De sorte qu'il ne vous manque aucun don, à vous qui attendez la manifestation de notre Seigneur Jésus-Christ.
66014002	Description	Et j'entendis une voix du ciel, comme la voix des grosses eaux, et la voix d'un grand tonnerre, et j'entendis une voix de joueurs de harpes, qui touchaient de leurs harpes.
44010043	Faith	Tous les prophètes rendent de lui ce témoignage, que quiconque croit en lui, reçoit la rémission des péchés par son nom.
45002007	Faith	Savoir, la vie éternelle à ceux qui, persévérant dans les bonnes œuvres, cherchent la gloire, l'honneur et l'immortalité;
66001004	Grace	Jean, aux sept Églises qui sont en Asie. La grâce et la paix vous soient données de la part de celui QUI EST, et QUI ÉTAIT, et QUI SERA, et de la part des sept esprits qui sont devant son trône;
44019004	Faith	Alors Paul dit: Il est vrai que Jean a baptisé du baptême de la repentance, en disant au peuple de croire en Celui qui venait après lui, c'est-à-dire, au Christ Jésus.
61002009	Violence	Le Seigneur saura délivrer de l'épreuve ceux qui l'honorent, et garder les injustes pour être punis au jour du jugement;
58011016	Grace	Mais maintenant ils en désirent une meilleure, c'est-à-dire une céleste; c'est pourquoi Dieu ne dédaigne pas d'être appelé leur Dieu; car il leur a préparé une cité.
54004007	Recommendation	Mais rejette les fables profanes et extravagantes, et exerce-toi à la piété.
66020009	Violence	Et ils montèrent sur la surface de la terre, et ils environnèrent le camp des saints et la cité bien-aimée; mais un feu venant de Dieu descendit du ciel et les dévora.
44010048	Description	Et il commanda qu'on les baptisât au nom du Seigneur. Alors ils le prièrent de demeurer quelques jours avec eux.
45002019	Grace	Qui crois être le conducteur des aveugles, la lumière de ceux qui sont dans les ténèbres,
62002025	Grace	Et la promesse qu'il nous a faite, c'est la vie éternelle.
59003017	Description	Quant à la sagesse d'en haut, elle est d'abord pure, puis paisible, modérée, traitable, pleine de miséricorde et de bons fruits, impartiale et sans dissimulation.
43003035	Faith	Le Père aime le Fils et a mis toutes choses en sa main.
61003009	Grace	Le Seigneur ne retarde point l'exécution de sa promesse, comme quelques-uns croient qu'il y ait du retard; mais il use de patience envers nous, ne voulant point qu'aucun périsse, mais que tous viennent à la repentance.
46007007	Grace	Car je voudrais que tous les hommes fussent comme moi; mais chacun a reçu de Dieu un don particulier, l'un d'une manière, l'autre d'une autre.
46014001	Recommendation	Etudiez-vous à la charité; désirez aussi avec ardeur les dons spirituels, mais surtout celui de prophétiser.
47004006	Grace	Car le Dieu qui a dit que la lumière resplendisse au milieu des ténèbres, est celui qui a resplendi dans nos cœurs, pour faire briller la lumière de la connaissance de la gloire de Dieu en la personne de Jésus-Christ.
44018024	Description	Or, un Juif, nommé Apollos, natif d'Alexandrie, homme éloquent et puissant dans les Écritures, arriva à Éphèse.
58013012	Grace	C'est pourquoi aussi Jésus, afin de sanctifier le peuple par son propre sang, a souffert hors de la porte.
56002015	Recommendation	Enseigne ces choses, exhorte, et reprends avec une pleine autorité. Que personne ne te méprise.
62004009	Grace	L'amour de Dieu envers nous a paru en ce que Dieu a envoyé son Fils unique dans le monde, afin que nous vivions par lui.
43017024	Grace	Père, je désire que ceux que tu m'as donnés soient avec moi, où je serai, afin qu'ils contemplent la gloire que tu m'as donnée, parce que tu m'as aimé avant la fondation du monde.
45003016	Sin	La désolation et la ruine sont dans leurs voies.
58004014	Faith	Puis donc que nous avons un grand souverain Sacrificateur, qui a traversé les cieux, Jésus, le Fils de Dieu, retenons ferme notre profession.
61001017	Grace	Car il a reçu de Dieu le Père honneur et gloire, lorsque cette voix lui a été adressée par la Gloire suprême: Celui-ci est mon Fils bien-aimé, en qui j'ai mis toute mon affection.
46012011	Description	Mais un seul et même Esprit opère toutes ces choses, distribuant à chacun ses dons, comme il lui plaît.
66008012	Description	Ensuite le quatrième ange sonna de la trompette; et la troisième partie du soleil fut frappée, ainsi que la troisième partie de la lune, et la troisième partie des étoiles, de sorte que la troisième partie en fut obscurcie, et que la troisième partie du jour perdit sa lumière, et la nuit de même.
44018017	Violence	Alors tous les Grecs, ayant saisi Sosthène, chef de la synagogue, le battaient devant le tribunal, et Gallion ne s'en mettait point en peine.
43010039	Violence	Ils cherchaient donc encore à se saisir de lui; mais il échappa de leurs mains.
47004016	Faith	C'est pourquoi nous ne perdons point courage, et si notre homme extérieur se détruit, l'intérieur se renouvelle de jour en jour;
43012003	Description	Alors Marie ayant pris une livre de parfum de nard pur, d'un grand prix, en oignit les pieds de Jésus, et les essuya avec ses cheveux; et la maison fut remplie de l'odeur du parfum.
58011009	Faith	Par la foi, il demeura dans la terre qui lui avait été promise, comme dans une terre étrangère, habitant sous des tentes, avec Isaac et Jacob, les cohéritiers de la même promesse.
50003017	Recommendation	Soyez tous mes imitateurs, frères, et regardez à ceux qui se conduisent suivant le modèle que vous avez en nous.
48006002	Recommendation	Portez les fardeaux les uns des autres, et accomplissez ainsi la loi de Christ.
59002024	Faith	Vous voyez donc que l'homme est justifié par les œuvres, et non par la foi seulement.
45009014	Faith	Que dirons-nous donc? Y a-t il de l'injustice en Dieu? Nullement.
45014001	Recommendation	Quant à celui qui est faible dans la foi, accueillez-le avec bonté, sans discussion d'opinions.
66012007	Violence	Alors il y eut un combat dans le ciel. Michel et ses anges combattaient contre le dragon; et le dragon combattait avec ses anges.
49004026	Recommendation	Si vous vous mettez en colère, ne péchez point; que le soleil ne se couche point sur votre colère;
60003009	Recommendation	Ne rendant point le mal pour le mal, ni l'injure pour l'injure; bénissant, au contraire, sachant que c'est à cela que vous êtes appelés, afin que vous héritiez la bénédiction.
43008029	Grace	Celui qui m'a envoyé est avec moi. Et le Père ne m'a point laissé seul, parce que je fais toujours ce qui lui est agréable.
49006014	Recommendation	Soyez donc fermes, vos reins ceints de la vérité, revêtus de la cuirasse de la justice,
66001020	Description	Le mystère des sept étoiles que tu as vues dans ma droite, et des sept chandeliers d'or, le voici: Les sept étoiles sont les anges des sept Églises; et les sept chandeliers que tu as vus, sont les sept Églises.
58002009	Grace	Mais nous voyons couronné de gloire et d'honneur ce Jésus, qui, par la mort qu'il a soufferte, a été fait un peu inférieur aux anges, afin que par la grâce de Dieu il souffrît la mort pour tous.
50002013	Grace	Car c'est Dieu qui produit en vous et le vouloir et le faire selon son plaisir.
43015011	Grace	Je vous ai dit ces choses, afin que ma joie demeure en vous, et que votre joie soit accomplie.
54001001	Description	Paul, apôtre de Jésus-Christ, par le commandement de Dieu, notre Sauveur, et du Seigneur Jésus-Christ, notre espérance,
54002009	Recommendation	Et que pareillement les femmes se parent d'un vêtement honnête, avec pudeur et modestie, non de tresses de cheveux, ni d'or, ni de perles, ni d'habillements somptueux;
43002015	Violence	Et ayant fait un fouet de cordes, il les chassa tous du temple, et les brebis et les taureaux; il répandit la monnaie des changeurs, et renversa leurs tables.
49002010	Grace	Car nous sommes son ouvrage, ayant été créés en Jésus-Christ pour les bonnes œuvres, que Dieu a préparées d'avance, afin que nous y marchions.
60004012	Recommendation	Bien-aimés, ne soyez point surpris de la fournaise qui est au milieu de vous, pour vous éprouver, comme s'il vous arrivait quelque chose d'étrange.
66019007	Recommendation	Réjouissons-nous, et faisons éclater notre joie, et donnons-lui gloire; car les noces de l'Agneau sont venues, et son épouse s'est parée.
49006017	Recommendation	Prenez aussi le casque du salut, et l'épée de l'Esprit, qui est la parole de Dieu;
44007024	Violence	Et voyant qu'on en maltraitait un sans sujet, il prit sa défense, et vengea celui qui était outragé, en tuant l'Égyptien.
53003013	Recommendation	Pour vous, frères, ne vous lassez point de bien faire.
46016013	Faith	Veillez, demeurez fermes dans la foi, agissez courageusement, fortifiez-vous;
44007043	Sin	Vous avez porté le tabernacle de Moloch, et l'astre de votre dieu Remphan, des figures que vous avez faites pour les adorer; c'est pourquoi je vous transporterai au-delà de Babylone.
53002015	Recommendation	C'est pourquoi, frères, demeurez fermes et retenez les enseignements que nous vous avons donnés, soit de vive voix, soit par notre lettre.
47005005	Grace	Et celui qui nous a formés pour cela, c'est Dieu qui nous a aussi donné les arrhes de son Esprit.
54002011	Recommendation	Que la femme écoute l'instruction en silence, en toute soumission;
54005019	Recommendation	Ne reçois aucune accusation contre un ancien, si ce n'est de deux ou trois témoins.
45016016	Recommendation	Saluez vous les uns les autres par un saint baiser. Les Églises de Christ vous saluent.
66018019	Description	Ils jetaient de la poussière sur leurs têtes, et pleurant et se lamentant, ils criaient et disaient: Malheur! malheur! la grande cité, où tous ceux qui avaient des vaisseaux sur mer s'étaient enrichis par son opulence, en une seule heure a été réduite en désert!
62003001	Grace	Voyez quel amour le Père nous a témoigné, que nous soyons appelés enfants de Dieu! Le monde ne nous connaît point, parce qu'il ne l'a point connu.
60005005	Recommendation	De même, jeunes gens, soyez soumis aux anciens, et vous soumettant tous les uns aux autres, revêtez-vous d'humilité; car Dieu résiste aux orgueilleux, mais il fait grâce aux humbles.
45003004	Faith	Nullement! Mais que Dieu soit reconnu véritable, et tout homme menteur, selon qu'il est écrit: Afin que tu sois trouvé juste dans tes paroles, et que tu gagnes ta cause lorsqu'on te juge.
44009014	Violence	Et il a ici le pouvoir, de la part des principaux sacrificateurs, de lier tous ceux qui invoquent ton nom.
61002001	Sin	Or, comme il y a eu de faux prophètes parmi le peuple, il y aura aussi parmi vous de faux docteurs, qui introduiront secrètement des sectes pernicieuses, et qui, reniant le Seigneur qui les a rachetés, attireront sur eux-mêmes une perdition soudaine.
43005018	Violence	A cause de cela, les Juifs cherchaient encore plus à le faire mourir, non seulement parce qu'il violait le sabbat, mais encore parce qu'il appelait Dieu son propre Père, se faisant lui-même égal à Dieu.
46011002	Faith	Frères, je vous loue de ce que vous vous souvenez de tout ce qui vient de moi, et de ce que vous retenez mes instructions telles que je vous les ai données.
44002025	Faith	Car David dit de lui: Je voyais toujours le Seigneur devant moi, parce qu'il est à ma droite, afin que je ne sois point ébranlé.
60001023	Grace	Étant régénérés, non par une semence corruptible, mais par une semence incorruptible, par la parole de Dieu, qui vit et qui demeure éternellement.
59005016	Recommendation	Confessez vos fautes les uns aux autres, et priez les uns pour les autres, afin que vous soyez guéris; car la prière fervente du juste a une grande efficace.
43006047	Faith	En vérité, en vérité je vous le dis: Celui qui croit en moi a la vie éternelle.
43014018	Grace	Je ne vous laisserai point orphelins; je viens à vous.
45003002	Grace	Elle est grande en toute manière, surtout en ce que les oracles de Dieu leur ont été confiés.
49006005	Recommendation	Serviteurs, obéissez à vos maîtres selon la chair avec crainte et tremblement, dans la simplicité de votre cœur, comme à Christ;
45002004	Grace	Ou méprises-tu les richesses de sa bonté, de sa patience et de son long support, ne reconnaissant pas que la bonté de Dieu te convie à la repentance?
62005014	Faith	Et la confiance que nous avons en lui, c'est que, si nous demandons quelque chose selon sa volonté, il nous exauce.
45015013	Faith	Que le Dieu d'espérance vous remplisse donc de toute sorte de joie et de paix, dans la foi, afin que vous abondiez en espérance, par la puissance du Saint-Esprit.
43019041	Description	Or, il y avait un jardin dans le lieu où il avait été crucifié; et dans le jardin un sépulcre neuf, où personne encore n'avait été mis.
66019020	Violence	Mais la bête fut prise, et avec elle le faux prophète, qui devant elle avait fait des prodiges, par lesquels il avait séduit ceux qui avaient pris la marque de la bête, et qui avaient adoré son image; tous deux furent jetés vifs dans l'étang de feu brûlant, dans le soufre.
45012020	Recommendation	Si donc ton ennemi a faim, donne-lui à manger; s'il a soif, donne-lui à boire; car en faisant cela, tu lui amasseras des charbons de feu sur la tête.
51003016	Recommendation	Que la parole de Christ habite abondamment en vous, en toute sagesse. Instruisez-vous et exhortez-vous les uns les autres, par des psaumes, et des hymnes et des cantiques spirituels, chantant dans vos cœurs au Seigneur, avec reconnaissance.
51003019	Recommendation	Maris, aimez vos femmes, et ne vous aigrissez point contre elles.
54005016	Recommendation	Si quelque fidèle, homme ou femme, a des veuves, qu'il les assiste, et que l'Église n'en soit point chargée, afin qu'elle ait de quoi entretenir celles qui sont véritablement veuves.
62005011	Grace	Et voici le témoignage, c'est que Dieu nous a donné la vie éternelle; et cette vie est dans son Fils.
62005012	Faith	Qui a le Fils, a la vie; qui n'a point le Fils de Dieu, n'a point la vie.
43008036	Grace	Si donc le Fils vous affranchit, vous serez véritablement libres.
49003013	Faith	C'est pourquoi je vous demande de ne pas vous décourager à cause des afflictions que j'endure pour vous; elles sont votre gloire.
45016018	Sin	Car de telles gens ne servent point notre Seigneur Jésus-Christ, mais leur propre ventre; et par des paroles douces et flatteuses ils séduisent le cœur des simples.
45001029	Sin	Ils sont remplis de toute injustice, d'impureté, de méchanceté, d'avarice, de malice; pleins d'envie, de meurtres, de querelles, de tromperies, et de malignité;
55001014	Recommendation	Garde le bon dépôt, par le Saint-Esprit qui habite en nous.
48006008	Faith	Celui qui sème pour sa chair, moissonnera de la chair la corruption; mais celui qui sème pour l'Esprit, moissonnera de l'Esprit la vie éternelle.
46010009	Recommendation	Et ne tentons point le Christ, comme quelques-uns d'entre eux le tentèrent; et ils périrent par les serpents.
46013005	Recommendation	Elle n'est point malhonnête; elle ne cherche point son intérêt; elle ne s'aigrit point; elle ne pense point à mal;
66009009	Description	Elles avaient des cuirasses comme des cuirasses de fer; et le bruit de leurs ailes était semblable au bruit de chariots à plusieurs chevaux qui courent au combat.
43015022	Sin	Si je n'étais pas venu, et que je ne leur eusse pas parlé, ils n'auraient point de péché; mais maintenant ils n'ont point d'excuse pour leur péché.
51004005	Recommendation	Conduisez-vous avec sagesse envers ceux du dehors, en rachetant le temps.
45006006	Faith	Sachant que notre vieil homme a été crucifié avec lui, afin que le corps du péché soit détruit, et que nous ne soyons plus asservis au péché.
62003010	Sin	C'est en cela que se révèlent les enfants de Dieu, et les enfants du diable. Quiconque ne pratique pas la justice et n'aime pas son frère, n'est point de Dieu.
45008007	Sin	Parce que l'affection de la chair est inimitié contre Dieu; car elle ne se soumet pas à la loi de Dieu; et en effet, elle ne le peut.
44002026	Faith	C'est pourquoi mon cour s'est réjoui, et ma langue a fait éclater sa joie, et ma chair aussi reposera en espérance;
46010020	Sin	Non; mais que ce que les Gentils sacrifient, ils le sacrifient à des démons, et non à Dieu. Or, je ne veux pas que vous ayez communion avec les démons.
44013001	Description	Il y avait dans l'Église d'Antioche quelques prophètes et docteurs, Barnabas, Siméon appelé Niger, Lucius le Cyrénéen, Manahem, élevé avec Hérode le tétrarque, et Saul.
49005006	Recommendation	Que personne ne vous séduise par de vains discours; car c'est à cause de ces choses que la colère de Dieu vient sur les enfants rebelles.
56001011	Sin	Qui pervertissent des familles entières, enseignant pour un gain honteux ce qui ne convient pas.
43013011	Sin	Car il savait qui était celui qui le trahissait; c'est pour cela qu'il dit: Vous n'êtes pas tous nets.
43010001	Sin	En vérité, en vérité je vous le dis, celui qui n'entre pas par la porte dans la bergerie des brebis, mais qui y pénètre par un autre endroit, est un larron et un brigand.
61002015	Sin	Qui, ayant quitté le droit chemin, se sont égarés, en suivant la voie de Balaam, fils de Bosor, qui aima le salaire de l'iniquité, mais qui fut repris de son injustice;
44014005	Violence	Et comme il se fit une émeute des Gentils et des Juifs, avec leurs principaux chefs, pour outrager les apôtres et pour les lapider,
43021017	Description	Il lui dit pour la troisième fois: Simon, fils de Jona, m'aimes-tu? Pierre fut attristé de ce qu'il lui avait dit pour la troisième fois: M'aimes-tu? Et il lui dit: Seigneur, tu connais toutes choses, tu sais que je t'aime. Jésus lui dit: Pais mes brebis.
66021027	Sin	Il n'y entrera rien de souillé, ni personne qui s'adonne à l'abomination et au mensonge, mais ceux-là seuls qui sont écrits dans le livre de vie de l'Agneau.
66017004	Sin	La femme était vêtue de pourpre et d'écarlate, parée d'or, de pierres précieuses et de perles; elle tenait à la main une coupe d'or, pleine des abominations et des souillures de sa prostitution.
51003014	Recommendation	Mais par-dessus toutes choses revêtez-vous de la charité, qui est le lien de la perfection.
43012023	Description	Et Jésus leur répondit: L'heure est venue que le Fils de l'homme doit être glorifié.
45002022	Sin	Tu dis de ne pas commettre d'adultère, et tu commets adultère! Tu as en abomination les idoles, et tu commets des sacrilèges!
45007008	Sin	Mais le péché, prenant occasion du commandement, a produit en moi toute sorte de convoitises. Car sans la loi, le péché est mort.
44026017	Grace	Je t'ai choisi d'entre le peuple et les Gentils, et je t'envoie vers eux maintenant,
56003003	Sin	Car nous aussi, nous étions autrefois insensés, désobéissants, égarés, assujettis à des passions et à des voluptés diverses, vivant dans la malice et dans l'envie, dignes de haine, et nous haïssant les uns les autres.
54005021	Recommendation	Je te conjure devant Dieu, le Seigneur Jésus-Christ, et les anges élus, d'observer ces choses sans prévention, et de ne rien faire avec partialité.
58010035	Recommendation	N'abandonnez donc pas votre confiance, qui aura une grande rémunération.
46004002	Faith	Mais au reste, ce qu'on demande des dispensateurs, c'est que chacun soit trouvé fidèle.
44009043	Description	Et Pierre demeura plusieurs jours à Joppe, chez un certain Simon, corroyeur.
46003016	Grace	Ne savez-vous pas que vous êtes le temple de Dieu, et que l'Esprit de Dieu habite en vous?
58010019	Faith	Ayant donc, frères, la liberté d'entrer dans le sanctuaire, par le sang de Jésus,
43008021	Sin	Jésus leur dit encore: Je m'en vais, et vous me chercherez, et vous mourrez dans votre péché; vous ne pouvez venir où je vais.
51003012	Recommendation	Revêtez-vous donc, comme des élus de Dieu, saints et bien-aimés, d'entrailles de miséricorde, de bonté, d'humilité, de douceur, de patience;
43012026	Faith	Si quelqu'un me sert, qu'il me suive; et où je serai, là sera aussi mon serviteur; et si quelqu'un me sert, le Père l'honorera.
54003004	Description	Gouvernant bien sa propre maison, tenant ses enfants dans la soumission, en toute honnêteté.
52005011	Recommendation	C'est pourquoi exhortez-vous les uns les autres, et édifiez-vous l'un l'autre, comme vous le faites aussi.
62003011	Recommendation	Car le message que vous avez entendu dès le commencement, c'est que nous nous aimions les uns les autres;
46007026	Recommendation	J'estime donc qu'il est bon, à cause des afflictions présentes, qu'il est bon à l'homme de demeurer comme il est.
43003001	Description	Or il y avait un homme, d'entre les pharisiens, nommé Nicodème, l'un des principaux Juifs.
59002025	Description	De même aussi Rahab la courtisane, ne fut-elle pas justifiée par les œuvres, lorsqu'elle reçut les messagers, et les fit sortir par un autre chemin?
54002015	Faith	Toutefois elle sera sauvée en devenant mère, si elle persévère avec modestie dans la foi, la charité et la sainteté.
44013017	Grace	Le Dieu de ce peuple d'Israël choisit nos pères, et releva ce peuple, pendant son séjour dans le pays d'Égypte, et les en fit sortir à bras élevé.
44015008	Grace	Et Dieu, qui connaît les cours, leur a rendu témoignage en leur donnant le Saint-Esprit aussi bien qu'à nous;
59002011	Sin	En effet, celui qui a dit: Tu ne commettras point d'adultère, a dit aussi: Tu ne tueras point. Or, si tu ne commets point d'adultère, mais que tu tues, tu es transgresseur de la loi.
43010028	Grace	Je leur donne la vie éternelle, elles ne périront jamais, et nul ne les ravira de ma main.
45016020	Grace	Le Dieu de paix écrasera bientôt Satan sous vos pieds. La grâce de notre Seigneur Jésus-Christ soit avec vous! Amen.
55003005	Sin	Ayant l'apparence de la piété, mais en ayant renié la force. Éloigne-toi aussi de ces gens-là.
45012005	Description	Ainsi nous, qui sommes plusieurs, nous sommes un seul corps en Christ; et nous sommes chacun en particulier les membres les uns des autres,
56003008	Faith	Cette parole est certaine, et je veux que tu établisses fortement ces choses, afin que ceux qui ont cru en Dieu s'appliquent à pratiquer les bonnes œuvres; voilà les choses qui sont bonnes et utiles aux hommes.
59002023	Faith	Et ainsi ce que dit l'Écriture, s'accomplit: Abraham crut à Dieu, et cela lui fut imputé à justice, et il fut appelé ami de Dieu.
59002001	Faith	Mes frères, que la foi que vous avez en notre Seigneur Jésus-Christ glorifié, soit exempte d'acception de personnes.
45003013	Sin	Leur gosier est un sépulcre ouvert; ils se sont servis de leurs langues pour tromper; il y a un venin d'aspic sous leurs lèvres.
49005028	Recommendation	C'est ainsi que les maris doivent aimer leurs femmes comme leurs propres corps. Celui qui aime sa femme, s'aime lui-même.
45009030	Faith	Que dirons-nous donc? Que les Gentils, qui ne cherchaient point la justice, sont parvenus à la justice, à la justice qui est par la foi;
54003009	Faith	Conservant le mystère de la foi avec une conscience pure.
54006002	Recommendation	Et que ceux qui ont des fidèles pour maîtres, ne les méprisent point, sous prétexte qu'ils sont frères; mais qu'ils les servent d'autant mieux, parce qu'ils sont des fidèles, des bien-aimés, et qu'ils s'appliquent à leur faire du bien. Enseigne ces choses et exhorte.
45003003	Faith	Quoi donc? si quelques-uns n'ont pas cru, leur incrédulité anéantira-t-elle la fidélité de Dieu?
43019034	Violence	Toutefois un des soldats lui perça le côté avec une lance, et aussitôt il en sortit du sang et de l'eau.
43015012	Recommendation	Mon commandement, c'est que vous vous aimiez les uns les autres, comme je vous ai aimés.
45006013	Recommendation	Ne livrez point vos membres au péché, pour être des instruments d'iniquité; mais donnez-vous à Dieu, comme de morts étant devenus vivants, et consacrez vos membres à Dieu, pour être des instruments de justice.
58010039	Faith	Pour nous, nous ne sommes pas de ceux qui se retirent pour se perdre, mais de ceux qui croient pour le salut de leur âme.
45011026	Grace	Et ainsi tout Israël sera sauvé, comme il est écrit: Le libérateur viendra de Sion, et il éloignera de Jacob toute impiété;
52002015	Violence	Qui ont même mis à mort le Seigneur Jésus, et leurs propres prophètes, qui nous ont persécutés, qui ne plaisent point à Dieu, et qui sont ennemis de tous les hommes;
58010026	Sin	Car si nous péchons volontaire-ment, après avoir reçu la connaissance de la vérité, il ne reste plus de sacrifices pour les péchés,
49002006	Grace	Et il nous a ressuscités ensemble, et fait asseoir ensemble dans les lieux célestes, en Jésus-Christ;
49004025	Recommendation	C'est pourquoi, ayant dépouillé le mensonge, que chacun parle selon la vérité à son prochain, car nous sommes membres les uns des autres.
48002005	Faith	Nous ne consentîmes, pas même un seul moment, à nous soumettre à eux, afin que la vérité de l'Évangile fût maintenue parmi vous.
46014013	Recommendation	C'est pourquoi, que celui qui parle une langue, demande le don de l'interpréter.
44009001	Violence	Cependant Saul, respirant encore la menace et le meurtre contre les disciples du Seigneur, s'adressa au souverain sacrificateur,
43017013	Description	Et maintenant je vais à toi, et je dis ces choses dans le monde, afin qu'ils aient ma joie accomplie en eux.
60004013	Recommendation	Mais réjouissez-vous de ce que vous participez aux souffrances de Christ, afin que lorsque sa gloire sera manifestée, vous soyez aussi comblés de joie.
44011006	Description	Et l'ayant considéré avec attention, j'y vis les quadrupèdes de la terre, les bêtes sauvages, les reptiles et les oiseaux du ciel.
51003008	Recommendation	Mais maintenant vous aussi renoncez à toutes: à la colère, à l'animosité, à la méchanceté, à la médisance, aux paroles déshonnêtes; qu'il n'en sorte pas de votre bouche.
44018003	Description	Et comme il était du même métier, il demeura chez eux, et y travaillait, et ils étaient faiseurs de tentes de leur métier.
45006012	Sin	Que le péché ne règne donc point dans votre corps mortel, pour lui obéir en ses convoitises;
53003012	Recommendation	Or, ceux-là nous les invitons, et nous les exhortons par notre Seigneur Jésus-Christ, à travailler avec tranquillité, afin de manger leur propre pain.
44007009	Sin	Et les patriarches, ayant porté envie à Joseph, le vendirent pour l'Égypte; mais Dieu fut avec lui.
44011028	Description	Et l'un d'eux, nommé Agabus, se leva, et annonça par l'Esprit qu'il y aurait une grande famine par toute la terre; ce qui arriva en effet sous Claude César.
44020036	Description	Quand il eut dit cela, il se mit à genoux, et pria avec eux tous.
48005024	Faith	Or, ceux qui appartiennent à Christ, ont crucifié la chair avec ses passions et ses convoitises.
59001002	Recommendation	Frères, regardez comme le sujet d'une parfaite joie les diverses tentations qui vous arrivent,
62001006	Sin	Si nous disons que nous sommes en communion avec lui, et que nous marchions dans les ténèbres, nous mentons, et nous n'agissons pas selon la vérité.
44010011	Description	Il vit le ciel ouvert, et un vase qui descendait sur lui semblable à une grande nappe retenue par les quatre coins, et qui s'abaissait vers la terre;
44002009	Description	Parthes, Mèdes, Élamites, et ceux qui habitent la Mésopotamie, la Judée, la Cappadoce, le Pont et l'Asie,
51001010	Faith	De telle sorte que vous vous conduisiez d'une manière digne du Seigneur, pour lui plaire en toutes choses, portant des fruits en toutes sortes de bonnes œuvres, et croissant dans la connaissance de Dieu;
54001018	Recommendation	Mon fils Timothée, ce que je te recommande, c'est que, conformément aux prophéties qui ont été faites précédemment sur toi, tu combattes suivant elles le bon combat,
66019001	Faith	Après cela j'entendis comme la voix d'une grande multitude, dans le ciel, qui disait: Alléluia! (Louez l'Éternel. ) Le salut, et la gloire, et l'honneur, et la puissance au Seigneur notre Dieu!
49002001	Grace	Et vous étiez morts dans vos fautes et dans vos péchés,
46010021	Sin	Vous ne pouvez boire la coupe du Seigneur, et la coupe des démons; vous ne pouvez participer à la table du Seigneur, et à la table des démons.
49005003	Recommendation	Que ni la fornication, ni aucune impureté, ni l'avarice, ne soient même nommées parmi vous, comme il convient à des saints;
56001015	Sin	Tout est pur, il est vrai, pour ceux qui sont purs; mais rien n'est pur pour les impurs et les infidèles; au contraire, et leur esprit et leur conscience sont souillés.
44009021	Description	Et tous ceux qui l'entendaient étaient hors d'eux-mêmes et disaient: N'est-ce pas celui qui persécutait à Jérusalem ceux qui invoquent ce nom, et qui était venu ici exprès pour les emmener liés, aux principaux sacrificateurs
58008006	Description	Mais maintenant Christ a obtenu un ministère d'autant plus excellent, qu'il est Médiateur d'une alliance plus excellente, et qui a été établie sur de meilleures promesses.
50001021	Faith	Car pour moi Christ est ma vie, et la mort m'est un gain.
50001006	Faith	Étant persuadé que Celui qui a commencé en vous cette bonne œuvre, en poursuivra l'accomplissement jusqu'au jour de Jésus-Christ.
62005020	Faith	Nous savons aussi que le Fils de Dieu est venu, et il nous a donné l'intelligence pour connaître le Véritable; et nous sommes en ce Véritable, en son Fils Jésus-Christ. C'est lui qui est le Dieu véritable, et la vie éternelle.
45012018	Recommendation	S'il se peut faire, et autant qu'il dépend de vous, ayez la paix avec tous les hommes.
58010023	Faith	Retenons sans fléchir la profession de notre espérance; car celui qui a fait la promesse est fidèle.
43014027	Grace	Je vous laisse la paix; je vous donne ma paix; je ne vous la donne pas comme le monde la donne. Que votre cœur ne se trouble point, et ne craigne point.
47005006	Faith	Nous sommes donc toujours pleins de confiance, et nous savons que pendant que nous habitons dans ce corps, nous sommes éloignés du Seigneur.
43012047	Grace	Et si quelqu'un entend mes paroles et ne croit pas, je ne le juge point, car je ne suis pas venu pour juger le monde, mais pour sauver le monde.
62003012	Sin	Ne faisons point comme Caïn, qui était du malin, et qui tua son frère. Et pourquoi le tua-t-il? Parce que ses œuvres étaient mauvaises, et que celles de son frère étaient justes.
66016020	Description	Et toute île s'enfuit, et les montagnes ne furent plus trouvées.
58011012	Description	C'est pourquoi d'un seul homme, et qui était déjà affaibli, il est né une multitude aussi nombreuse que les étoiles du ciel, et que le sable du bord de la mer, qui ne se peut compter.
54001017	Faith	Au roi des siècles, immortel, invisible, à Dieu, seul sage, soient honneur et gloire aux siècles des siècles! Amen.
66014007	Faith	En disant d'une voix forte: Craignez Dieu, et lui donnez gloire, car l'heure de son jugement est venue; et adorez celui qui a fait le ciel, la terre, la mer, et les sources des eaux.
44006001	Description	En ce temps-là, comme les disciples se multipliaient, il s'éleva un murmure des Hellénistes contre les Hébreux, parce que leurs veuves étaient négligées dans la distribution qui se faisait chaque jour.
60002021	Grace	Car c'est à cela que vous êtes appelés, puisque Christ aussi a souffert pour vous, vous laissant un exemple, afin que vous suiviez ses traces;
53003010	Recommendation	Car aussi, lorsque nous étions chez vous, nous vous déclarions expressément, que si quelqu'un ne veut pas travailler, il ne doit pas non plus manger.
43003016	Grace	Car Dieu a tant aimé le monde, qu'il a donné son Fils unique, afin que quiconque croit en lui ne périsse point, mais qu'il ait la vie éternelle.
44019015	Description	Mais l'esprit malin leur répondit: Je connais Jésus, et je sais qui est Paul; mais vous, qui êtes-vous?
66019019	Violence	Et je vis la bête, et les rois de la terre et leurs armées, assemblées pour faire la guerre à celui qui était monté sur le cheval, et à son armée.
44027002	Description	Et étant montés sur un vaisseau d'Adramytte, nous partîmes, devant toucher aux lieux du littoral de l'Asie, ayant avec nous Aristarque, Macédonien de Thessalonique.
58013003	Recommendation	Souvenez-vous des prisonniers, comme si vous étiez enchaînés avec eux; et de ceux qui sont maltraités, comme étant vous-mêmes dans leurs corps.
51003017	Recommendation	Et quoi que vous fassiez, en paroles, ou en œuvres, faites tout au nom du Seigneur Jésus, rendant grâces par lui à Dieu le Père.
48006006	Recommendation	Que celui qu'on instruit dans la Parole, fasse part de tous ses biens à celui qui l'instruit.
44007005	Description	Où il ne lui donna aucun héritage, non pas même un pied de terre; mais il lui promit de lui en donner la possession, et à sa postérité après lui, quoiqu'il n'eût point d'enfant.
44007019	Description	Ce roi, usant d'artifice contre notre nation, traita durement nos pères, jusqu'à leur faire exposer leurs enfants, afin qu'ils ne fussent pas conservés en vie.
43020003	Description	Alors Pierre sortit avec l'autre disciple, et ils allèrent au sépulcre.
44024016	Faith	C'est pourquoi je travaille à avoir toujours une conscience sans reproche, devant Dieu et devant les hommes.
65001013	Description	Ce sont des vagues furieuses de la mer, rejetant l'écume de leurs impuretés; des astres errants auxquels l'obscurité des ténèbres est réservée pour l'éternité.
48001012	Description	Car je ne l'ai ni reçu ni appris d'un homme, mais par une révélation de Jésus-Christ.
45007005	Sin	Car lorsque nous étions dans la chair, les passions des péchés, excitées par la loi, agissaient dans nos membres, de manière à produire des fruits pour la mort.
54002007	Faith	Pour lequel, (je dis la vérité en Christ, je ne mens point,) j'ai été établi prédicateur, apôtre et docteur des Gentils dans la foi et dans la vérité.
62003024	Faith	Celui qui garde ses commandements, demeure en Dieu, et Dieu en lui; et nous connaissons qu'il demeure en nous par l'Esprit qu'il nous a donné.
46010024	Recommendation	Que personne ne cherche son avantage particulier, mais que chacun cherche celui d'autrui.
45012016	Recommendation	Ayez les mêmes sentiments entre vous; n'aspirez point aux grandeurs, mais accommodez-vous aux choses humbles; ne soyez pas sages à vos propres yeux.
49004031	Recommendation	Que toute amertume, toute animosité, toute colère, toute crierie, toute médisance soient bannies du milieu de vous, ainsi que toute méchanceté.
51001025	Faith	Dont j'ai été fait ministre, selon la charge que Dieu m'a donnée auprès de vous, pour annoncer pleinement la parole de Dieu,
66001014	Description	Sa tête et ses cheveux étaient blancs, comme de la laine blanche, comme la neige, et ses yeux comme une flamme de feu;
47004015	Grace	Car toutes ces choses sont pour vous, afin que cette grâce se multipliant, abonde en actions de grâces d'un grand nombre pour la gloire de Dieu.
43006056	Faith	Celui qui mange ma chair et qui boit mon sang, demeure en moi, et moi en lui.
43011027	Faith	Elle lui dit: Oui, Seigneur, je crois que tu es le Christ, le Fils de Dieu, qui devait venir dans le monde.
44002042	Faith	Or, ils persévéraient dans la doctrine des apôtres, dans la communion, dans la fraction du pain et dans les prières.
58001009	Grace	Tu as aimé la justice, et tu as haï l'iniquité, c'est pourquoi, ô Dieu! ton Dieu t'a oint d'une huile de joie au-dessus de tes semblables.
44012002	Violence	Il fit mourir par l'épée Jacques, frère de Jean;
55002016	Recommendation	Mais évite les discours profanes et vains; car ceux qui les tiennent tombent toujours plus dans l'impiété;
62003015	Sin	Quiconque hait son frère est un meurtrier; et vous savez qu'aucun meurtrier n'a la vie éternelle demeurant en lui.
43021015	Faith	Après qu'ils eurent dîné, Jésus dit à Simon Pierre: Simon, fils de Jona, m'aimes-tu plus que ceux-ci? Pierre répondit: Oui, Seigneur, tu sais que je t'aime. Jésus lui dit: Pais mes agneaux.
46012008	Grace	Car la parole de sagesse est donnée à l'un par l'Esprit; la parole de science est donnée à l'autre par ce même Esprit;
44007013	Description	Et la seconde fois, Joseph fut reconnu par ses frères, et Pharaon connut la famille de Joseph.
60003010	Recommendation	En effet, que celui qui veut aimer la vie et voir des jours heureux, garde sa langue du mal, et ses lèvres de paroles trompeuses;
44004032	Description	Or, la multitude de ceux qui avaient cru n'était qu'un cœur et qu'une âme; et personne ne disait que rien de ce qu'il possédait fût à lui; mais toutes choses étaient communes entre eux.
46015003	Grace	Or, je vous ai enseigné, avant toutes choses, ce que j'avais aussi reçu: que Christ est mort pour nos péchés, selon les Écritures;
66018024	Violence	Et que c'est en elle qu'a été trouvé le sang des prophètes et des saints, et de tous ceux qui ont été mis à mort sur la terre.
44013048	Faith	Les Gentils, entendant cela, se réjouissaient, et donnaient gloire à la parole du Seigneur, et tous ceux qui étaient destinés à la vie éternelle, crurent.
66022020	Description	Celui qui rend témoignage de ces choses, dit: Oui, je viens, bientôt. Amen! Oui, Seigneur Jésus, viens!
50004009	Recommendation	Vous les avez aussi apprises, reçues et entendues de moi, et vous les avez vues en moi. Faites-les, et le Dieu de paix sera avec vous.
53003015	Recommendation	Toutefois, ne le regardez pas comme un ennemi, mais avertissez-le comme un frère.
51002008	Recommendation	Prenez garde que personne ne vous séduise par la philosophie et par de vaines tromperies, selon la tradition des hommes, selon les rudiments du monde, et non selon Christ.
50003014	Faith	Mais je fais une chose: oubliant ce qui est derrière moi, et m'avançant vers ce qui est devant, je cours avec ardeur vers le but, pour le prix de la vocation céleste de Dieu en Jésus-Christ.
56002014	Faith	Qui s'est donné lui-même pour nous, afin de nous racheter de toute iniquité et de nous purifier, et de se former un peuple particulier, zélé pour les bonnes œuvres.
43005024	Faith	En vérité, en vérité je vous dis, que celui qui écoute ma parole, et qui croit à celui qui m'a envoyé, a la vie éternelle, et il ne vient point en jugement, mais il est passé de la mort à la vie.
66021015	Description	Et celui qui me parlait avait un roseau d'or pour mesurer la ville, et ses portes, et sa muraille.
50003019	Sin	Leur fin sera la perdition; leur Dieu, c'est leur ventre, leur gloire est dans leur infamie, et leurs affections sont aux choses de la terre.
54003006	Sin	Qu'il ne soit point nouvellement converti, de peur que, enflé d'orgueil, il ne tombe dans la condamnation du diable.
65001003	Recommendation	Bien-aimés, plein de zèle pour vous écrire touchant notre salut commun, j'ai jugé nécessaire de le faire, pour vous exhorter à combattre pour la foi qui a été donnée une fois aux saints.
44004002	Description	Étant fort en peine, et de ce qu'ils enseignaient le peuple, et de ce qu'ils annonçaient la résurrection des morts en Jésus.
66018005	Sin	Car ses péchés sont montés jusqu'au ciel et Dieu s'est souvenu de ses iniquités.
43004046	Description	Jésus vint donc de nouveau à Cana en Galilée, où il avait changé l'eau en vin. Or, il y avait à Capernaüm un seigneur de la cour, dont le fils était malade.
45012011	Recommendation	Quant au zèle, ne soyez point paresseux. Soyez fervents d'esprit; servez le Seigneur.
60001008	Faith	Que vous aimez, sans l'avoir connu, en qui vous croyez, sans le voir encore, et vous vous réjouissez d'une joie ineffable et glorieuse,
62004013	Grace	En ceci nous connaissons que nous demeurons en lui et lui en nous, c'est qu'il nous a donné de son Esprit.
43019029	Description	Ils emplirent donc de vinaigre une éponge, et l'ayant mise autour d'une tige d'hysope, ils la lui présentèrent à la bouche.
51001013	Grace	Qui nous a délivrés de la puissance des ténèbres, et nous a fait passer dans le royaume de son Fils bien-aimé,
45016017	Recommendation	Cependant, je vous exhorte, frères, à prendre garde à ceux qui causent des divisions et des scandales contre la doctrine que vous avez apprise, et à vous éloigner d'eux.
45012007	Recommendation	Soit le ministère, pour s'attacher au ministère; soit l'enseignement, pour s'appliquer à l'enseignement; soit l'exhortation, pour exhorter.
43016023	Faith	Et en ce jour-là vous ne m'interrogerez plus sur rien. En vérité, en vérité je vous dis, que tout ce que vous demanderez au Père en mon nom, il vous le donnera.
66021019	Description	Et les fondements de la muraille de la ville étaient ornés de toute sorte de pierres précieuses. Le premier fondement était de jaspe; le second, de saphir; le troisième, de calcédoine; le quatrième, d'émeraude;
59004017	Sin	Celui-là donc pèche, qui connaît le bien et qui ne le fait pas.
66019005	Faith	Et une voix sortit du trône, disant: Louez notre Dieu, vous tous, ses serviteurs, et vous qui le craignez, petits et grands.
47005002	Faith	Car nous gémissons dans cette tente, désirant avec ardeur d'être revêtus de notre domicile du ciel;
48006004	Recommendation	Mais que chacun éprouve ses actions, et alors il aura sujet de se glorifier, pour lui-même seulement, et non par rapport aux autres;
46007036	Recommendation	Toutefois si quelqu'un croit que ce soit un déshonneur pour sa fille de passer la fleur de son âge sans être mariée, et s'il faut qu'il en soit ainsi, qu'il fasse ce qu'il voudra, il ne pèche point; que les filles se marient.
43016002	Violence	Ils vous chasseront des synagogues; l'heure même vient où quiconque vous fera mourir croira rendre un culte à Dieu.
66015001	Description	Et je vis dans le ciel un autre prodige grand et admirable: sept anges qui tenaient les sept dernières plaies; car c'est par elles que s'accomplit la colère de Dieu.
43018023	Description	Jésus lui répondit: Si j'ai mal parlé, fais voir ce que j'ai dit de mal; mais si j'ai bien parlé, pourquoi me frappes-tu?
50004003	Recommendation	Je te prie aussi, fidèle collègue: Sois-leur en aide; elles ont combattu avec moi pour l'Évangile, aussi bien que Clément et mes autres compagnons de travaux, desquels les noms sont dans le livre de vie.
66016006	Sin	Parce qu'ils ont répandu le sang des saints et des prophètes, tu leur as donné du sang à boire, et ils le méritent.
45006002	Sin	Nullement! Nous qui sommes morts au péché, comment vivrions-nous encore en lui?
66017011	Violence	Et la bête qui était, et qui n'est plus, est elle-même un huitième roi; elle vient des sept, et s'en va en perdition.
48004030	Recommendation	Mais que dit l'Écriture? Chasse l'esclave et son fils; car le fils de l'esclave ne sera point héritier avec le fils de la femme libre.
54006009	Sin	Mais ceux qui veulent devenir riches, tombent dans la tentation et le piège, et dans beaucoup de désirs insensés et pernicieux, qui plongent les hommes dans la ruine et la perdition.
66017016	Violence	Et les dix cornes que tu as vues à la bête, haïront la prostituée, la désoleront et la dépouilleront et mangeront ses chairs, et la consumeront dans le feu.
46008003	Faith	Mais si quelqu'un aime Dieu, Dieu est connu de lui.
45003009	Sin	Et quoi? sommes-nous donc plus excellents? Nullement; car nous avons déjà fait voir que tous, Juifs et Grecs, sont assujettis au péché,
44007041	Sin	Et ils firent un veau, en ces jours-là, et ils offrirent des sacrifices à l'idole, et se réjouirent des ouvrages de leurs mains.
66009020	Sin	Et le reste des hommes qui ne furent pas tués par ces plaies, ne se repentirent point des œuvres de leurs mains, pour cesser d'adorer les démons, et les idoles d'or, d'argent, d'airain, de pierre, et de bois, qui ne peuvent ni voir, ni entendre, ni marcher.
47005011	Faith	Sachant donc la crainte qu'on doit au Seigneur, nous persuadons les hommes; et Dieu nous connaît, et j'espère que dans vos consciences vous nous connaissez aussi,
49002003	Sin	Parmi lesquels nous vivions tous autrefois, selon les convoitises de notre chair, accomplissant les désirs de la chair et de nos pensées; et nous étions par nature des enfants de colère, comme les autres.
44002040	Recommendation	Et il les conjurait par plusieurs autres discours et les exhortait, en disant: Sauvez-vous de cette race perverse.
45008013	Faith	En effet, si vous vivez selon la chair, vous mourrez; mais si, par l'Esprit, vous faites mourir les ouvres du corps, vous vivrez.
45010011	Faith	En effet, l'Écriture dit: Quiconque croit en lui, ne sera point confus.
45001008	Faith	Avant toutes choses, je rends grâces au sujet de vous tous à mon Dieu, par Jésus-Christ, de ce que votre foi est célèbre par tout le monde.
52001004	Faith	Sachant, frères bien-aimés de Dieu, votre élection.
60004008	Recommendation	Surtout ayez les uns pour les autres une ardente charité; car la charité couvrira une multitude de péchés.
44027001	Description	Après qu'il eut été résolu que nous nous embarquerions pour l'Italie, on confia Paul et quelques autres prisonniers à un centenier nommé Julius, de la cohorte appelée Auguste;
66015003	Faith	Et ils chantaient le cantique de Moïse, serviteur de Dieu, et le cantique de l'Agneau, en disant: Tes œuvres sont grandes et admirables, ô Seigneur Dieu Tout-Puissant! Tes voies sont justes et véritables, ô Roi des saints!
60002002	Faith	Désirez avec ardeur, comme des enfants nouvellement nés, le lait spirituel et pur, afin que vous croissiez par son moyen.
66014013	Faith	Et j'entendis une voix du ciel qui me disait: Écris: Heureux dès à présent les morts qui meurent dans le Seigneur! Oui, dit l'Esprit, car ils se reposent de leurs travaux, et leurs œuvres les suivent.
59001027	Faith	La religion pure et sans tache devant Dieu notre Père, c'est de visiter les orphelins et les veuves dans leur tribulation, et de se conserver pur de la souillure du monde.
51002004	Recommendation	Je dis ceci, afin que personne ne vous abuse par des discours séduisants.
66005013	Description	J'entendis aussi toutes les créatures qui sont dans le ciel, sur la terre, et sous la terre, et dans la mer, et toutes les choses qui y sont, qui disaient: A celui qui est assis sur le trône, et à l'Agneau soient la louange, et l'honneur, et la gloire, et la force aux siècles des siècles.
66008008	Description	Et le second ange sonna de la trompette, et comme une grande montagne tout en feu fut jetée dans la mer; et la troisième partie de la mer fut changée en sang.
44007058	Violence	Et le traînant hors de la ville, ils le lapidèrent. Et les témoins mirent leurs manteaux aux pieds d'un jeune homme nommé Saul.
45015011	Faith	Et encore: Nations, louez toutes le Seigneur, et peuples, célébrez-le tous.
45011036	Faith	Car toutes choses sont de lui, et par lui, et pour lui: A lui soit la gloire dans tous les siècles! Amen!
43001029	Faith	Le lendemain, Jean vit Jésus qui venait à lui, et il dit: Voici l'agneau de Dieu, qui ôte le péché du monde.
58011031	Description	Par la foi, Rahab, la courtisane, ne périt point avec les rebelles, parce qu'elle avait reçu les espions en paix.
43010010	Grace	Le larron ne vient que pour dérober, tuer et détruire; mais moi, je suis venu, pour que mes brebis aient la vie, et qu'elles soient dans l'abondance.
50003020	Faith	Pour nous, nous sommes citoyens des cieux; d'où nous attendons aussi le Sauveur, le Seigneur Jésus-Christ,
45015007	Recommendation	C'est pourquoi accueillez-vous les uns les autres, comme Christ nous a accueillis pour la gloire de Dieu.
44021024	Recommendation	Prends-les avec toi, purifie-toi avec eux, et paye leur dépense, afin qu'ils puissent se faire raser la tête, et que tous sachent qu'il n'est rien de tout ce qu'ils ont entendu dire de toi, mais que tu continues à garder la loi.
45004012	Faith	Et afin d'être aussi le père des circoncis, savoir, de ceux qui ne sont point seulement circoncis, mais encore qui suivent les traces de la foi, que notre père Abraham a eue avant d'être circoncis.
44001026	Description	Et ils tirèrent au sort; et le sort tomba sur Matthias, qui, d'un commun accord, fut mis au rang des onze apôtres.
45004007	Grace	Heureux ceux dont les iniquités sont pardonnées, et les péchés couverts!
66011004	Description	Ce sont les deux oliviers, et les deux chandeliers, qui se tiennent en présence du Seigneur de la terre.
59004009	Recommendation	Sentez vos misères, et soyez dans le deuil, et pleurez; que votre rire se change en pleurs, et votre joie en tristesse.
64001011	Recommendation	Bien-aimé, imite non le mal, mais le bien. Celui qui fait le bien, est de Dieu; mais celui qui fait le mal, n'a point vu Dieu.
45004011	Faith	Et il reçut le signe de la circoncision, comme un sceau de la justice de la foi qu'il avait eue, étant incirconcis; afin d'être le père de tous ceux qui croient quoique incirconcis; et que la justice leur fût aussi imputée;
45006007	Grace	Car celui qui est mort, est affranchi du péché.
47004010	Faith	Nous portons toujours, en notre corps, la mort du Seigneur Jésus, afin que la vie de Jésus soit aussi manifestée dans notre corps.
50002021	Sin	Car tous cherchent leurs propres intérêts, et non ceux de Jésus-Christ.
58011011	Faith	Par la foi aussi, Sara reçut la vertu de concevoir et, malgré son âge, elle enfanta, parce qu'elle crut à la fidélité de celui qui avait fait la promesse.
43006039	Grace	Or c'est ici la volonté du Père qui m'a envoyé, que je ne perde aucun de ceux qu'il m'a donnés, mais que je les ressuscite au dernier jour.
46008006	Faith	Toutefois, nous n'avons qu'un seul Dieu, le Père, duquel procèdent toutes choses, et nous sommes pour lui; et un seul Seigneur, Jésus-Christ, par lequel sont toutes choses, et nous sommes par lui.
52003006	Description	Mais Timothée étant revenu depuis peu de chez vous auprès de nous, nous a apporté de bonnes nouvelles de votre foi et de votre charité, et nous a dit que vous conservez toujours un bon souvenir de nous, désirant de nous voir, comme nous-mêmes nous désirons de vous voir.
60005004	Grace	Et lorsque le souverain Pasteur paraîtra, vous remporterez la couronne incorruptible de gloire.
47003012	Faith	Ayant donc une telle espérance, nous usons d'une grande liberté,
61002012	Sin	Mais ceux-ci, comme des animaux sans raison, qui ne suivent que la nature, nés pour être pris et détruits, blasphémant ce qu'ils n'entendent point, périront par leur propre corruption, recevant le salaire de leur iniquité.
43012006	Sin	Il disait cela, non qu'il se souciât des pauvres, mais parce qu'il était larron, et qu'ayant la bourse, il portait ce qu'on y mettait.
62004016	Faith	Pour nous, nous avons connu et cru l'amour que Dieu a pour nous: Dieu est charité; et celui qui demeure dans la charité, demeure en Dieu et Dieu en lui.
44011019	Description	Ceux qui avaient été dispersés par la persécution arrivée à l'occasion d'Étienne, passèrent jusqu'en Phénicie, en Cypre et à Antioche, n'annonçant la parole à personne qu'aux Juifs seulement.
54006006	Faith	Or, c'est un grand gain que la piété avec le contentement d'esprit.
66013007	Violence	Il lui fut aussi donné de faire la guerre aux saints, et de les vaincre. Et il lui fut donné puissance sur toute tribu, langue, et nation.
60002020	Faith	Quelle gloire, en effet, vous reviendrait-il, si vous supportez patiemment d'être battus pour avoir mal fait? Mais si vous supportez patiemment la souffrance pour avoir bien fait, c'est à cela que Dieu prend plaisir.
58009015	Grace	C'est pourquoi il est Médiateur d'une nouvelle alliance, afin que, la mort intervenant pour l'expiation des péchés commis sous la première alliance, ceux qui sont appelés, reçoivent la promesse de l'héritage éternel.
45006001	Sin	Que dirons-nous donc? Demeurerons-nous dans le péché, afin que la grâce abonde?
49005004	Recommendation	Ni aucune parole déshonnête, ni bouffonnerie, ni plaisanterie, qui sont des choses malséantes; mais qu'on y entende plutôt des actions de grâces.
66006008	Violence	Et je regardai, et voici un cheval de couleur livide; et celui qui était monté dessus, se nommait la Mort, et l'Enfer marchait à sa suite; et le pouvoir leur fut donné sur la quatrième partie de la terre, pour faire mourir les hommes par l'épée, par la famine, par la mortalité, et par les bêtes sauvages de la terre.
45004016	Faith	C'est donc par la foi que nous sommes héritiers, afin que ce soit par grâce, et que la promesse soit assurée à toute la postérité, non seulement à celle qui est de la loi, mais aussi à celle qui est de la foi d'Abraham,
44028018	Description	Qui, après m'avoir examiné, voulaient me relâcher, parce que je n'ai rien fait qui mérite la mort.
45009016	Grace	Cela ne vient donc ni de celui qui veut, ni de celui qui court; mais de Dieu qui fait miséricorde.
46010008	Sin	Ne commettons point fornication, comme quelques-uns d'entre eux commirent fornication; et il y en eut vingt-trois mille qui périrent en un même jour.
45007023	Sin	Mais je vois une autre loi dans mes membres, qui combat contre la loi de mon esprit et qui me rend captif sous la loi du péché, qui est dans mes membres.
58006001	Faith	C'est pourquoi, laissant les premiers principes de la doctrine de Christ, tendons à la perfection, ne posant pas de nouveau le fondement du renoncement aux œuvres mortes, et de la foi en Dieu,
46016011	Recommendation	Que personne donc ne le méprise, et reconduisez-le en paix, afin qu'il vienne me trouver, car je l'attends avec les frères.
59002014	Faith	Mes frères, que servira-t-il à quelqu'un de dire qu'il a la foi, s'il n'a point les œuvres? Cette foi le peut-elle sauver?
43007025	Description	Et quelques-uns de ceux de Jérusalem disaient: N'est-ce pas celui qu'on cherche à faire mourir?
43020022	Faith	Et quand il eut dit cela, il souffla sur eux et leur dit: Recevez le Saint-Esprit.
45010003	Sin	Car ne connaissant point la justice de Dieu, et cherchant à établir leur propre justice, ils ne se sont point soumis à la justice de Dieu.
62005010	Faith	Celui qui croit au Fils de Dieu, a le témoignage de Dieu en lui-même; celui qui ne croit point Dieu, le fait menteur, puisqu'il n'a pas cru au témoignage que Dieu a rendu de son Fils.
43014012	Faith	En vérité, en vérité je vous le dis: Celui qui croit en moi fera aussi les ouvres que je fais, et il en fera de plus grandes que celles-ci, parce que je vais vers mon Père.
56002009	Recommendation	Exhorte les serviteurs à être soumis à leurs maîtres, à leur complaire en toutes choses, à n'être point contredisants;
58012015	Recommendation	Veillant à ce que personne ne se prive de la grâce de Dieu; à ce qu'aucune racine d'amertume poussant dehors, ne vous trouble, et que plusieurs n'en soient infectés;
54003007	Recommendation	Il faut aussi qu'il ait bon témoignage de ceux du dehors, de peur qu'il ne tombe dans l'opprobre et dans le piège du diable.
49004007	Grace	Mais la grâce est donnée à chacun de nous, selon la mesure du don de Christ.
66016003	Description	Le second ange versa sa coupe dans la mer, qui devint comme le sang d'un mort; et tout ce qui avait vie dans la mer, mourut.
49006006	Recommendation	Ne les servant pas seulement sous leurs yeux, comme si vous cherchiez à plaire aux hommes, mais comme des serviteurs de Christ faisant de bon cœur la volonté de Dieu;
60003016	Recommendation	Ayant une bonne conscience, afin que ceux qui blâment votre bonne conduite en Christ, soient confondus dans ce qu'ils disent contre vous, comme si vous étiez des malfaiteurs.
43006040	Faith	C'est ici la volonté de celui qui m'a envoyé, que quiconque contemple le Fils et croit en lui, ait la vie éternelle; et je le ressusciterai au dernier jour.
44012023	Violence	Mais à l'instant un ange du Seigneur le frappa, parce qu'il n'avait pas donné gloire à Dieu; et il mourut rongé des vers.
47001003	Grace	Béni soit Dieu, le Père de notre Seigneur Jésus-Christ, le Père des miséricordes, et le Dieu de toute consolation,
54001006	Sin	Quelques-uns s'en étant détournés, se sont égarés dans de vains discours;
45001016	Faith	Car je n'ai point honte de l'Évangile de Christ, car c'est la puissance de Dieu, pour le salut de tous ceux qui croient, du Juif d'abord, du Grec ensuite.
46003011	Description	Car personne ne peut poser d'autre fondement que celui qui a été posé, lequel est Jésus-Christ.
49005033	Recommendation	Ainsi, que chacun de vous aime sa femme comme lui-même, et que la femme respecte son mari.
51002013	Grace	Et quand vous étiez morts dans vos péchés et dans votre incirconcision charnelle, il vous a vivifiés avec lui, vous ayant pardonné toutes vos fautes.
54004014	Recommendation	Ne néglige point le don qui est en toi, qui t'a été donné par prophétie, par l'imposition des mains du conseil des anciens.
66021001	Description	Je vis ensuite un ciel nouveau et une terre nouvelle; car le premier ciel et la première terre avaient disparu, et la mer n'était plus.
52005016	Recommendation	Soyez toujours joyeux.
66009006	Description	En ces jours-là, les hommes chercheront la mort, et ne la trouveront point; ils désireront de mourir, et la mort les fuira.
52004014	Faith	Car si nous croyons que Jésus est mort, et qu'il est ressuscité, croyons aussi que Dieu ramènera par Jésus, pour être avec lui, ceux qui sont morts.
62004015	Faith	Quiconque confessera que Jésus est le Fils de Dieu, Dieu demeure en lui, et lui en Dieu.
49004022	Recommendation	A vous dépouiller, pour ce qui est de votre conduite précédente, du vieil homme, qui se corrompt par les convoitises trompeuses;
43010009	Grace	Je suis la porte; si quelqu'un entre par moi, il sera sauvé; il entrera et sortira, et trouvera de la pâture.
58011037	Violence	Ils furent lapidés, ils furent sciés, ils furent tentés, ils moururent par le tranchant de l'épée, ils errèrent çà et là, vêtus de peaux de brebis et de peaux de chèvres, dénués de tout, persécutés, maltraités;
62002029	Faith	Si vous savez qu'il est juste, sachez que quiconque pratique la justice, est né de lui.
44013047	Grace	Car le Seigneur nous a ainsi commandé: Je t'ai établi comme la lumière des Gentils, pour être leur salut jusqu'aux extrémités de la terre.
47004002	Faith	Mais nous avons rejeté les choses honteuses qu'on cache, ne nous conduisant point avec artifice, et ne falsifiant point la parole de Dieu, mais nous recommandant nous-mêmes auprès de toute conscience d'homme devant Dieu, par la manifestation de la vérité.
44002033	Description	Élevé donc à la droite de Dieu, et ayant reçu du Père la promesse du Saint-Esprit, il a répandu ce que vous voyez et entendez maintenant.
51003010	Recommendation	Et ayant revêtu le nouvel homme, qui est renouvelé, dans la connaissance, à l'image de celui qui l'a créé.
43011004	Faith	Jésus, ayant entendu cela, dit: Cette maladie n'est point à la mort, mais elle est pour la gloire de Dieu, afin que le Fils de Dieu en soit glorifié.
45001017	Faith	Car en lui la justice de Dieu est révélée de foi en foi, selon qu'il est écrit: Le juste vivra par la foi.
43019017	Description	Et Jésus, portant sa croix, vint au lieu appelé le Crâne, qui se dit en hébreu Golgotha;
45012006	Faith	Ayant toutefois des dons différents, selon la grâce qui nous a été donnée; soit la prophétie, pour l'exercer selon la mesure de la foi;
66004007	Description	Le premier animal ressemblait à un lion; le second animal ressemblait à un veau; le troisième animal avait le visage comme un homme; et le quatrième animal ressemblait à un aigle qui vole.
49005015	Recommendation	Prenez donc garde à vous conduire avec circonspection, non comme des insensés, mais comme des personnes sages;
45010012	Grace	Car il n'y a point de distinction entre le Juif et le Grec, parce que tous ont un même Seigneur, qui est riche pour tous ceux qui l'invoquent.
45010004	Faith	Car Christ est la fin de la loi, pour la justification de tout croyant.
50004006	Recommendation	Ne vous inquiétez de rien, mais en toute occasion exposez vos demandes devant Dieu, par des prières et des supplications, avec des actions de grâces,
46010006	Faith	Or, ces choses sont arrivées pour nous servir d'exemple, afin que nous ne désirions point de mauvaises choses, comme ils en désirèrent.
66009002	Description	Et il ouvrit le puits de l'abîme, et il monta du puits une fumée, comme la fumée d'une grande fournaise; et le soleil et l'air furent obscurcis par la fumée du puits;
52004006	Recommendation	Que personne n'offense son frère, ni ne fasse tort à son prochain dans les affaires; parce que le Seigneur est le vengeur de toutes ces choses, comme nous vous l'avons déjà dit et attesté.
47005017	Faith	Si donc quelqu'un est en Christ, il est une nouvelle créature; les choses vieilles sont passées; voici, toutes choses sont devenues nouvelles.
43005020	Faith	Car le Père aime le Fils, et lui montre tout ce qu'il fait. Et il lui montrera des ouvres plus grandes que celles-ci, afin que vous soyez dans l'admiration.
49004028	Recommendation	Que celui qui dérobait ne dérobe plus; mais qu'il travaille plutôt de ses mains à quelque chose de bon, afin qu'il ait de quoi donner à celui qui est dans le besoin.
57001022	Recommendation	Mais en même temps prépare-moi un logement, car j'espère que je vous serai rendu par vos prières.
58013009	Recommendation	Ne vous laissez point entraîner par des doctrines diverses et étrangères; car il est bon que le cœur soit affermi par la grâce et non par des préceptes sur les viandes, qui n'ont servi de rien à ceux qui les ont suivis.
52005012	Recommendation	Or, nous vous prions, frères, d'avoir en considération ceux qui travaillent parmi vous, et qui président sur vous selon le Seigneur, et qui vous exhortent,
43009022	Description	Ses parents dirent cela, parce qu'ils craignaient les Juifs; car les Juifs avaient déjà arrêté, que si quelqu'un reconnaissait Jésus pour le Christ, il serait chassé de la synagogue.
50003003	Faith	Car c'est nous qui sommes la vraie circoncision, nous qui servons Dieu en esprit, qui nous glorifions en Jésus-Christ, et qui ne mettons point notre confiance en la chair,
62003023	Faith	Et c'est ici son commande-ment: que nous croyions au nom de son Fils Jésus-Christ, et que nous nous aimions les uns les autres, comme il nous l'a commandé.
66013011	Description	Puis je vis une autre bête monter de la terre, qui avait deux cornes semblables à celles d'un agneau, et elle parlait comme un dragon.
46014020	Recommendation	Frères, ne devenez pas des enfants quant au jugement; mais soyez de petits enfants à l'égard de la malice; et quant au jugement, soyez des hommes faits.
59005013	Recommendation	Quelqu'un parmi vous souffre-t-il? qu'il prie. Quelqu'un est-il dans la joie? qu'il chante des cantiques.
58012012	Recommendation	Fortifiez donc vos mains languissantes, et vos genoux affaiblis;
60001017	Recommendation	Et si vous invoquez comme votre Père celui qui, sans faire acception de personnes, juge selon l'œuvre de chacun, conduisez-vous avec crainte durant le temps de votre habitation passagère ici-bas;
58010036	Recommendation	Car vous avez besoin de patience, afin qu'après avoir fait la volonté de Dieu, vous remportiez l'effet de la promesse.
58011001	Faith	Or, la foi est une ferme attente des choses qu'on espère, une démonstration de celles qu'on ne voit point.
49004017	Recommendation	Voici donc ce que je dis et que j'atteste de la part du Seigneur: Ne vous conduisez plus comme le reste des Gentils, qui suivent la vanité de leur esprit;
51002016	Recommendation	Que personne donc ne vous condamne au sujet du manger ou du boire, ou au sujet d'un jour de fête, ou de nouvelle lune, ou de sabbats;
66007015	Faith	C'est pourquoi ils sont devant le trône de Dieu, et ils le servent jour et nuit dans son temple; et celui qui est assis sur le trône, étendra sur eux son pavillon.
44020010	Description	Mais Paul étant descendu, se pencha sur lui, et le prenant entre ses bras, il dit: Ne vous troublez point, car son âme est en lui.
55002010	Faith	C'est pourquoi je supporte tout à cause des élus, afin qu'ils obtiennent aussi le salut qui est en Jésus-Christ, avec la gloire éternelle.
60005014	Recommendation	Saluez-vous les uns les autres par un baiser de charité. La paix soit avec vous tous qui êtes en Jésus-Christ! Amen.
49005021	Recommendation	Soumettez-vous les uns aux autres dans la crainte de Dieu.
61003017	Recommendation	Vous donc, bien-aimés, qui êtes avertis, soyez sur vos gardes, de peur qu'entraînés par l'égarement des impies, vous ne veniez à déchoir de votre fermeté.
51003018	Recommendation	Femmes, soyez soumises à vos propres maris, comme il convient selon le Seigneur.
54005020	Recommendation	Reprends, devant tous, ceux qui pèchent, afin que les autres aussi en aient de la crainte.
45014013	Recommendation	Ne nous jugeons donc plus les uns les autres; mais jugez plutôt qu'il ne faut donner aucune occasion de chute, ni aucun scandale à son frère.
45002010	Grace	Mais la gloire, l'honneur et la paix à tout homme qui fait le bien; au Juif d'abord, ensuite au Grec;
58011034	Violence	Éteignirent la force du feu, échappèrent au tranchant des épées, guérirent de leurs maladies, furent vaillants à la guerre, mirent en fuite des armées étrangères.
48006017	Faith	Au reste, que personne ne me prépare de peines, car je porte en mon corps les stigmates du Seigneur Jésus.
66018021	Violence	Alors un ange puissant prit une pierre comme une grande meule, et la jeta dans la mer, en disant: Ainsi sera précipitée avec violence Babylone, la grande ville, et on ne la retrouvera plus.
65001020	Faith	Mais vous, bien-aimés, vous édifiant vous-mêmes sur votre très sainte foi, priant par le Saint-Esprit,
45012002	Recommendation	Et ne vous conformez point au présent siècle, mais soyez transformés par le renouvellement de votre esprit, afin que vous éprouviez que la volonté de Dieu est bonne, agréable et parfaite.
46015009	Sin	Car je suis le moindre des apôtres, moi qui ne suis pas digne d'être appelé apôtre, parce que j'ai persécuté l'Église de Dieu.
62002015	Recommendation	N'aimez point le monde, ni les choses qui sont dans le monde. Si quelqu'un aime le monde, l'amour du Père n'est point en lui;
45002001	Sin	Toi donc, ô homme, qui que tu sois, qui juges, tu es inexcusable; car en jugeant les autres, tu te condamnes toi-même, puisque, toi qui juges, tu fais les mêmes choses.
48002009	Description	Jacques, Céphas et Jean, qui sont regardés comme des colonnes, me donnèrent, à moi et à Barnabas, la main d'association, afin que nous allassions, nous vers les Gentils, et eux vers les circoncis.
43019023	Description	Après que les soldats eurent crucifié Jésus, ils prirent ses habits, et ils en firent quatre parts, une part pour chaque soldat; ils prirent aussi la robe; mais la robe était sans couture, d'un seul tissu, depuis le haut.
45002021	Sin	Toi donc, qui enseignes les autres, tu ne t'enseignes pas toi-même! Tu prêches de ne pas dérober, et tu dérobes
46006019	Faith	Ne savez-vous pas que votre corps est le temple du Saint-Esprit, qui est en vous, et qui vous a été donné de Dieu, et que vous n'êtes point à vous-mêmes?
47005014	Grace	Car la charité de Christ nous presse, étant persuadés que si un seul est mort pour tous, tous donc sont morts;
58003001	Faith	C'est pourquoi, frères saints, qui avez pris part à la vocation céleste, considérez l'apôtre et le souverain Sacrificateur de la foi que nous professons, Jésus-Christ,
44020035	Recommendation	Je vous ai montré en toutes choses, que c'est ainsi qu'en travaillant, il faut secourir les faibles, et se souvenir des paroles du Seigneur Jésus, qui a dit lui-même: Il y a plus de bonheur à donner qu'à recevoir.
58013004	Recommendation	Que le mariage soit honorable en toutes choses, et le lit sans souillure; or, Dieu jugera les fornicateurs et les adultères.
43020005	Description	Et s'étant baissé, il vit les bandelettes qui étaient à terre; mais il n'entra point.
66016018	Description	Et il y eut des voix, des tonnerres, des éclairs, et un grand tremblement de terre; un si grand tremblement, qu'il n'y en avait jamais eu de pareil depuis qu'il y a des hommes sur la terre.
66019010	Faith	Or, je me jetai à ses pieds pour l'adorer; mais il me dit: Garde-toi de le faire; je suis ton compagnon de service et celui de tes frères qui ont le témoignage de Jésus. Adore Dieu, car le témoignage de Jésus, c'est l'esprit de prophétie.
46002010	Grace	Mais Dieu nous les a révélées par son Esprit; car l'Esprit sonde toutes choses, même les profondeurs de Dieu.
50002029	Recommendation	Recevez-le donc dans le Seigneur en toute joie, et honorez de tels hommes.
51003020	Recommendation	Enfants, obéissez à vos parents en toutes choses; car cela est agréable au Seigneur.
47001012	Faith	Car ce qui fait notre gloire, c'est ce témoignage de notre conscience, que nous nous sommes conduits dans le monde, et surtout à votre égard, avec simplicité et sincérité devant Dieu, non pas avec une sagesse charnelle, mais avec la grâce de Dieu.
43014021	Faith	Celui qui a mes commandements, et qui les garde, c'est celui-là qui m'aime; et celui qui m'aime sera aimé de mon Père, et je l'aimerai, et je me ferai connaître à lui.
51002023	Sin	Lesquelles ont, à la vérité, quelque apparence de sagesse dans un culte volontaire, et dans une certaine humilité, et dans une austérité du corps, qui n'a aucun égard à ce qui peut satisfaire la chair.
64001006	Recommendation	Ils ont rendu témoignage à ta charité en présence de l'Église. Tu feras bien de pourvoir à leur voyage, d'une manière digne de Dieu.
55002023	Recommendation	Et repousse les questions folles, et qui sont sans instruction, sachant qu'elles produisent des contestations.
47003018	Faith	Ainsi nous tous qui, le visage découvert, contemplons, comme dans un miroir, la gloire du Seigneur, nous sommes transformés à son image, de gloire en gloire, comme par l'Esprit du Seigneur.
58009014	Grace	Combien plus le sang de Christ, qui, par l'Esprit éternel, s'est offert à Dieu, lui-même, sans tache, purifiera-t-il votre conscience des œuvres mortes, afin que vous serviez le Dieu vivant!
44011017	Grace	Puisque Dieu leur a fait le même don qu'à nous qui avons cru au Seigneur Jésus-Christ, qui étais-je, moi, pour m'opposer à Dieu?
49004030	Faith	Et ne contristez point le Saint-Esprit de Dieu, par lequel vous avez été scellés pour le jour de la rédemption.
66003003	Recommendation	Souviens-toi donc de ce que tu as reçu et entendu, garde-le, et te repens. Que si tu ne veilles pas, je viendrai vers toi comme un larron, et tu ne sauras point à quelle heure je viendrai vers toi.
62003007	Recommendation	Petits enfants, que personne ne vous séduise: celui qui pratique la justice, est juste comme lui-même est juste.
62004001	Recommendation	Bien-aimés, ne croyez pas à tout esprit, mais éprouvez les esprits, pour voir s'ils sont de Dieu; car plusieurs faux prophètes sont venus dans le monde.
44013038	Grace	Sachez donc, hommes frères, que c'est par lui que la rémission des péchés vous est annoncée;
50003001	Recommendation	Au reste, mes frères, réjouissez-vous dans le Seigneur. Je ne me lasse point, quant à moi, de vous écrire les mêmes choses, et quant à vous, c'est votre sûreté.
46011034	Recommendation	Et si quelqu'un a faim, qu'il mange dans sa maison, afin que vous ne vous assembliez point pour votre condamnation. Quant aux autres choses, je les réglerai quand je serai arrivé.
43018031	Description	Pilate leur dit: Prenez-le vous-mêmes, et le jugez selon votre loi. Les Juifs lui dirent: Il ne nous est permis de faire mourir personne.
46012031	Faith	Or, désirez avec ardeur les dons les meilleurs, et je vais vous montrer une voie encore plus excellente.
58007026	Description	Or, il nous fallait un tel souverain Sacrificateur, saint, innocent, sans souillure, séparé des pécheurs, et élevé au-dessus des cieux;
50004013	Faith	Je puis tout par Christ, qui me fortifie.
52004003	Recommendation	C'est ici en effet, la volonté de Dieu, que vous soyez sanctifiés, que vous vous absteniez de la fornication,
51004002	Recommendation	Persévérez dans la prière, y veillant avec actions de grâces;
44007029	Description	A cette parole, Moïse s'enfuit, et il demeura comme étranger au pays de Madian, où il eut deux fils.
46011007	Description	Pour ce qui est de l'homme, il ne doit pas se couvrir la tête, puisqu'il est l'image et la gloire de Dieu; mais la femme est la gloire de l'homme.
51003015	Faith	Et que la paix de Christ, à laquelle vous avez été appelés en un seul corps, règne dans vos cœurs; et soyez reconnaissants.
58002010	Grace	En effet, il était convenable que celui pour qui et par qui sont toutes choses, voulant amener à la gloire plusieurs enfants, rendît parfait le Prince de leur salut, par les souffrances.
59004001	Sin	D'où viennent parmi vous les dissensions et les querelles? N'est-ce pas de vos passions, qui combattent dans vos membres?
46005001	Sin	On entend dire de toutes parts qu'il y a parmi vous de l'impudicité, et une telle impudicité que, même parmi les Gentils, elle est inouïe; c'est que quelqu'un d'entre vous a la femme de son père.
46010013	Faith	Aucune tentation ne vous est survenue, qui n'ait été une tentation humaine. Or, Dieu est fidèle, et il ne permettra point que vous soyez tentés au-delà de vos forces; mais avec la tentation il vous en donnera aussi l'issue, afin que vous puissiez la supporter.
44020029	Violence	Car je sais qu'après mon départ, il s'introduira parmi vous des loups ravissants, qui n'épargneront point le troupeau;
53001004	Faith	De sorte que nous nous glorifions de vous dans les Églises de Dieu, à cause de votre constance et de votre foi dans toutes les persécutions et dans les afflictions que vous endurez,
62004012	Faith	Personne n'a jamais vu Dieu: si nous nous aimons les uns les autres, Dieu demeure en nous, et son amour est accompli en nous.
48001001	Description	Paul, apôtre, non de la part des hommes, ni par un homme, mais par Jésus-Christ, et Dieu le Père, qui l'a ressuscité des morts;
58012003	Recommendation	C'est pourquoi, considérez celui qui a souffert de la part des pécheurs une si grande contradiction, afin que vous ne succombiez pas, en laissant défaillir vos âmes.
45006005	Faith	Car si, lui devenant semblables dans sa mort, nous avons été faits une même plante avec lui, nous le serons aussi à sa résurrection;
45015010	Recommendation	Il est dit encore: Gentils, réjouissez-vous avec son peuple.
54004001	Sin	L'Esprit dit expressément que dans les derniers temps quelques-uns se détourneront de la foi, s'attachant à des esprits séducteurs, et à des doctrines de démons;
56003001	Recommendation	Avertis-les d'être soumis aux princes et aux magistrats, de leur obéir, d'être prêts à toute bonne œuvre;
61003005	Sin	Car ils ignorent volontairement ceci, c'est que les cieux furent autrefois créés par la parole de Dieu aussi bien que la terre, tirée de l'eau, et qui subsistait au moyen de l'eau;
60003018	Grace	Car Christ aussi a souffert une fois pour les péchés, lui juste pour les injustes, afin de nous amener à Dieu; ayant été mis à mort selon la chair, mais vivifié par l'Esprit;
61002021	Sin	Car il leur eût mieux valu de n'avoir point connu la voie de la justice, que de se détourner, après l'avoir connue, du saint commandement qui leur avait été donné.
53003006	Recommendation	Frères, nous vous recommandons aussi, au nom de notre Seigneur Jésus-Christ, de vous éloigner de tout frère qui vit dans le désordre, et non selon les enseignements qu'il a reçus de nous.
45005012	Sin	C'est pourquoi, comme par un seul homme le péché est entré dans le monde, et par le péché la mort; de même la mort s'est étendue sur tous les hommes, parce que tous ont péché.
58011033	Faith	Qui, par la foi, vainquirent des royaumes, exercèrent la justice, obtinrent les biens promis, fermèrent la gueule des lions,
47004009	Faith	Persécutés, mais non abandonnés; abattus, mais non entièrement perdus;
59004004	Sin	Hommes et femmes adultères, ne savez-vous pas que l'amour du monde est une inimitié contre Dieu? Qui voudra donc être ami du monde, se rendra ennemi de Dieu.
44016006	Description	Lorsqu'ils eurent traversé la Phrygie et la Galatie, le Saint-Esprit les empêcha d'annoncer la Parole en Asie.
45010006	Faith	Mais la justice qui vient de la foi parle ainsi: Ne dis point en ton cœur: Qui montera au ciel? C'est en faire descendre Christ;
66016002	Violence	Et le premier ange s'en alla, et versa sa coupe sur la terre; et les hommes qui avaient la marque de la bête, et ceux qui adoraient son image, furent frappés d'un ulcère malin et dangereux.
66005008	Description	Et quand il eut pris le livre, les quatre animaux et les vingt-quatre Anciens se prosternèrent devant l'Agneau, ayant chacun des harpes et des coupes d'or pleines de parfums, lesquelles sont les prières des Saints.
62005001	Faith	Quiconque croit que Jésus est le Christ, est engendré de Dieu; et quiconque aime Dieu qui l'a engendré, aime aussi celui qui est engendré de lui.
48005026	Recommendation	Ne recherchons point la vaine gloire, en nous provoquant les uns les autres, et en nous portant envie les uns aux autres.
54005001	Recommendation	Ne reprends pas rudement le vieillard; mais exhorte-le comme un père; les jeunes gens comme des frères;
60002012	Recommendation	Ayant une conduite honnête parmi les Gentils, afin qu'au lieu qu'ils médisent de vous, comme si vous étiez des malfaiteurs, ils glorifient Dieu au jour de la visitation, en voyant vos bonnes œuvres.
50003006	Sin	Quant au zèle, persécuteur de l'Église; quant à la justice selon la loi, irréprochable.
43004052	Description	Il leur demanda à quelle heure il s'était trouvé mieux. Et ils lui dirent: Hier, à la septième heure, la fièvre le quitta.
43019031	Violence	Or, les Juifs, de peur que les corps ne demeurassent sur la croix le jour du sabbat (car c'était la préparation, et ce sabbat était un grand jour), demandèrent à Pilate qu'on rompît les jambes aux crucifiés, et qu'on les enlevât.
43019012	Description	Dès lors Pilate cherchait à le délivrer; mais les Juifs criaient: Si tu délivres cet homme, tu n'es pas ami de César, car quiconque se fait roi se déclare contre César.
43014001	Faith	Que votre cœur ne se trouble point; croyez en Dieu, croyez aussi en moi.
50001028	Faith	Ce qui est pour eux une preuve de perdition, mais pour vous de salut; et cela de la part de Dieu;
43015016	Grace	Ce n'est pas vous qui m'avez choisi, mais c'est moi qui vous ai choisis, et qui vous ai établis, afin que vous alliez, et que vous portiez du fruit, et que votre fruit soit permanent; et que ce que vous demanderez au Père en mon nom, il vous le donne.
58011004	Faith	Par la foi, Abel offrit à Dieu un plus excellent sacrifice que Caïn, à cause d'elle il fut déclaré juste, Dieu rendant témoignage à ses offrandes; et quoique mort, il parle encore par elle.
46004001	Recommendation	Que chacun donc nous regarde comme des serviteurs de Christ et des dispensateurs des mystères de Dieu.
66006013	Description	Et les étoiles du ciel tombèrent sur la terre, comme un figuier, agité par un grand vent, jette ses figues vertes.
46010014	Recommendation	C'est pourquoi, mes bien-aimés, fuyez l'idolâtrie.
45012021	Recommendation	Ne te laisse point surmonter par le mal; mais surmonte le mal par le bien.
55002014	Recommendation	Rappelle ces choses, protestant devant le Seigneur qu'on évite les disputes de mots, qui ne servent à rien, mais pervertissent ceux qui écoutent.
59004008	Recommendation	Approchez-vous de Dieu, et il s'approchera de vous. Pécheurs, nettoyez vos mains; et vous qui avez le cœur partagé, purifiez vos cœurs;
59002009	Sin	Mais si vous faites acception de personnes, vous commettez un péché, étant convaincus par la loi d'être des transgresseurs.
52004007	Grace	Dieu, en effet, ne nous a point appelés à la souillure, mais à la sainteté.
45001018	Sin	Car la colère de Dieu se déclare du ciel contre toute l'impiété et l'injustice des hommes, qui retiennent la vérité dans l'injustice,
62004007	Faith	Bien-aimés, aimons-nous les uns les autres; car la charité vient de Dieu, et quiconque aime, est né de Dieu, et connaît Dieu.
62002009	Sin	Celui qui dit qu'il est dans la lumière, et qui hait son frère, est encore à présent dans les ténèbres.
60004014	Grace	Si l'on vous dit des injures pour le nom de Christ, vous êtes bienheureux; car l'Esprit de gloire, l'Esprit de Dieu, repose sur vous. Il est blasphémé par eux, mais il est glorifié par vous.
44021019	Grace	Et après les avoir embrassés, il raconta en détail tout ce que Dieu avait fait parmi les Gentils, par son ministère.
43008046	Sin	Qui de vous me convaincra de péché? Et si je dis la vérité, pourquoi ne me croyez-vous pas?
58010017	Grace	Et je ne me souviendrai plus de leurs péchés ni de leurs iniquités.
46001005	Grace	De ce que vous avez été enrichis en Lui de toute manière, en toute parole et en toute connaissance;
45015030	Recommendation	Je vous conjure donc, frères, par notre Seigneur Jésus-Christ, et par l'amour de l'Esprit, de combattre avec moi dans les prières que vous ferez à Dieu pour moi;
43007020	Violence	Le peuple lui répondit: Tu as un démon; qui est-ce qui cherche à te faire mourir?
45003025	Grace	Que Dieu avait destiné à être une victime propitiatoire; par la foi, en son sang, afin de manifester sa justice par le pardon des péchés commis auparavant, pendant les jours de la patience de Dieu;
43018018	Description	Et les serviteurs et les sergents étaient là, et ayant fait du feu, parce qu'il faisait froid, ils se chauffaient. Et Pierre était avec eux, et se chauffait.
49006011	Recommendation	Revêtez-vous de toute l'armure de Dieu, afin que vous puissiez tenir ferme contre les artifices du diable.
43013037	Faith	Pierre lui dit: Seigneur, pourquoi ne puis-je pas te suivre maintenant? Je donnerai ma vie pour toi.
50004007	Faith	Et la paix de Dieu qui surpasse toute intelligence, gardera vos cœurs et vos pensées en Jésus-Christ.
59003009	Faith	Par elle nous bénissons Dieu le Père, et par elle nous maudissons les hommes, faits à l'image de Dieu.
46005010	Sin	Non pas absolument avec les impudiques de ce monde, ou avec les avares et les ravisseurs, ou les idolâtres; autrement, il vous faudrait sortir du monde;
44026009	Sin	Il est vrai que, pour moi, j'avais cru devoir m'opposer fortement au nom de Jésus de Nazareth.
61002014	Sin	Ils ont les yeux pleins d'adultère, et qui ne cessent de pécher; ils amorcent les âmes mal affermies; ils ont le cœur exercé à l'avarice; ce sont des enfants de malédiction,
43010012	Description	Mais le mercenaire, qui n'est point le berger, et à qui les brebis n'appartiennent point, voit venir le loup, et abandonne les brebis et s'enfuit; et le loup ravit les brebis et les disperse.
59001019	Recommendation	Ainsi, mes frères bien-aimés, que tout homme soit prompt à écouter, lent à parler, lent à se mettre en colère;
46009014	Recommendation	De même aussi, le Seigneur a ordonné à ceux qui annoncent l'Évangile, de vivre de l'Évangile.
43012046	Grace	Je suis venu dans le monde, moi qui suis la lumière, afin que quiconque croit en moi ne demeure point dans les ténèbres.
43005014	Description	Après cela, Jésus le trouva dans le temple, et lui dit: Voilà, tu as été guéri; ne pèche plus, de peur qu'il ne t'arrive quelque chose de pire.
46016014	Recommendation	Que tout ce que vous faites, se fasse avec charité.
43014015	Recommendation	Si vous m'aimez, gardez mes commandements.
58012025	Recommendation	Prenez garde de ne pas mépriser celui qui vous parle; car si ceux qui méprisaient celui qui les avertissait sur la terre, de la part de Dieu, n'échappèrent point, nous échapperons encore moins, nous qui nous détournons de celui qui parle des cieux;
48004008	Sin	Mais alors, à la vérité, ne connaissant point Dieu, vous serviez des dieux qui n'en sont point de leur nature.
44003026	Grace	C'est pour vous premièrement, que Dieu ayant suscité son Fils Jésus, l'a envoyé pour vous bénir, en retirant chacun de vous de ses iniquités.
44010039	Violence	Et nous, nous sommes témoins de toutes les choses qu'il a faites, tant au pays des Juifs qu'à Jérusalem. Ils l'ont fait mourir, le pendant au bois;
46001010	Recommendation	Or, je vous prie, frères, au nom de notre Seigneur Jésus-Christ, de tenir tous le même langage, et de n'avoir point de divisions parmi vous, mais d'être unis dans une même pensée, et dans un même sentiment.
51001021	Sin	Vous aussi, qui étiez autrefois éloignés, et ennemis par vos pensées et vos mauvaises œuvres,
55002022	Recommendation	Fuis aussi les désirs de la jeunesse, et recherche la justice, la foi, la charité et la paix avec ceux qui invoquent le Seigneur d'un cœur pur.
51003001	Faith	Si donc vous êtes ressuscités avec Christ, cherchez les choses d'en haut, où Christ est assis à la droite de Dieu.
66008007	Violence	Et le premier ange sonna, et il y eut une grêle et du feu mêlés de sang, qui tombèrent sur la terre; et la troisième partie des arbres fut brûlée, et toute l'herbe verte fut brûlée.
66011017	Faith	En disant: Nous te rendons grâces, Seigneur Dieu Tout-Puissant, QUI ES, et QUI ÉTAIS, et QUI SERAS, de ce que tu as pris en main ta grande puissance, et de ce que tu es entré dans ton règne.
43004010	Grace	Jésus répondit et lui dit: Si tu connaissais le don de Dieu, et qui est celui qui te dit: Donne-moi à boire, tu lui demanderais toi-même, et il te donnerait de l'eau vive.
51003004	Grace	Mais quand Christ, qui est votre vie, paraîtra, alors vous serez aussi manifestés avec lui dans la gloire.
43020031	Faith	Et ces choses ont été écrites, afin que vous croyiez que Jésus est le Christ, le Fils de Dieu, et qu'en croyant vous ayez la vie par son nom.
62004006	Faith	Nous, nous sommes de Dieu; celui qui connaît Dieu, nous écoute; celui qui n'est point de Dieu, ne nous écoute point: à cela nous connaissons l'esprit de vérité et l'esprit d'erreur.
65001012	Description	Ce sont des taches dans vos repas de charité, lorsqu'ils mangent avec vous, sans aucune retenue, se repaissant eux-mêmes; ce sont des nuées sans eau, emportées çà et là par les vents; des arbres au déclin de l'automne, sans fruits, deux fois morts et déracinés;
44005015	Description	En sorte qu'on apportait les malades dans les rues, et on les mettait sur des lits et sur des grabats, afin que quand Pierre viendrait, son ombre du moins couvrît quelques-uns d'entre eux.
49006016	Faith	Prenant, par-dessus tout, le bouclier de la foi, par le moyen duquel vous pourrez éteindre tous les traits enflammés du malin.
51003023	Recommendation	Et quoi que vous fassiez, faites-le de bon cœur, comme pour le Seigneur, et non pour les hommes;
58012016	Recommendation	A ce qu'il n'y ait point de fornicateur, ni de profane comme Ésaü, qui, pour un mets, vendit son droit d'aînesse.
43018040	Sin	Alors tous s'écrièrent de nouveau: Non pas celui-ci; mais Barabbas. Or, Barabbas était un brigand.
55003004	Sin	Traîtres, emportés, enflés d'orgueil, aimant la volupté plutôt que Dieu,
50002009	Grace	C'est pourquoi aussi, Dieu l'a souverainement élevé, et lui a donné un nom qui est au-dessus de tout nom;
61001016	Description	Car ce n'est point en suivant des fables composées avec artifice, que nous vous avons fait connaître la puissance et la venue de notre Seigneur Jésus-Christ; mais c'est après avoir vu de nos propres yeux sa majesté.
61003016	Sin	Et comme il le fait dans toutes ses épîtres, quand il y parle de ces choses; parmi lesquelles il en est de difficiles à entendre, que les personnes ignorantes et mal assurées tordent, comme les autres écritures, à leur propre perdition.
44014014	Description	Mais les apôtres Barnabas et Paul l'ayant appris, déchirèrent leurs vêtements, et se jetèrent au milieu de la foule, en s'écriant,
45015008	Faith	Je dis donc que Jésus-Christ a été ministre des circoncis, pour montrer la fidélité de Dieu, en accomplissant les promesses faites aux pères;
59001026	Sin	Si quelqu'un d'entre vous pense être religieux, et ne tient point sa langue en bride, mais trompe son cœur, la religion d'un tel homme est vaine.
43015020	Recommendation	Souvenez-vous de la parole que je vous ai dite: Le serviteur n'est pas plus grand que son maître. S'ils m'ont persécuté, ils vous persécuteront aussi; s'ils ont observé ma parole, ils observeront aussi la vôtre.
43008031	Faith	Jésus dit donc aux Juifs qui avaient cru en lui: Si vous demeurez dans ma parole, vous êtes véritablement mes disciples.
44007011	Description	Alors il arriva une famine dans tout le pays d'Égypte, et en Canaan, et une grande misère, en sorte que nos pères ne trouvaient point de vivres.
63001004	Faith	J'ai été fort réjoui de trouver plusieurs de tes enfants qui marchent dans la vérité, selon le commandement que nous avons reçu du Père.
54005008	Faith	Si quelqu'un n'a pas soin des siens, et principalement de ceux de sa maison, il a renié la foi, et il est pire qu'un infidèle.
58010022	Faith	Approchons-nous avec un cœur sincère, dans une pleine certitude de foi, ayant les cœurs purifiés des souillures d'une mauvaise conscience, et le corps lavé d'une eau pure.
48001023	Description	Elles avaient seulement entendu dire: Celui qui autrefois nous persécutait, annonce maintenant la foi, que jadis il ravageait.
44027034	Recommendation	Je vous exhorte donc à prendre de la nourriture, car cela importe à votre conservation; et il ne tombera pas un cheveu de la tête d'aucun de vous.
66002003	Faith	Tu as souffert, tu as eu de la patience, et tu as travaillé pour mon nom, et tu ne t'es point découragé.
56002002	Recommendation	Que les vieillards soient sobres, graves, prudents, sains dans la foi, dans la charité, dans la patience.
44017030	Recommendation	Mais Dieu, ayant laissé passer ces temps d'ignorance, annonce maintenant aux hommes, que tous, en tous lieux, se convertissent;
43019025	Description	Or, la mère de Jésus, et la sœur de sa mère, Marie, femme de Cléopas, et Marie de Magdala, se tenaient près de la croix de Jésus.
66019013	Description	Il était vêtu d'un manteau teint de sang, et son nom s'appelle, LA PAROLE DE DIEU.
46008009	Recommendation	Mais prenez garde que cette liberté que vous avez, ne soit en scandale aux faibles.
44013034	Grace	Mais qu'il l'ait ressuscité des morts, de telle sorte qu'il ne retourne plus à la corruption, il en a parlé ainsi: Je vous tiendrai fidèlement les promesses sacrées faites à David.
43014020	Faith	En ce jour vous connaîtrez que je suis en mon Père, et vous en moi, et moi en vous.
62002003	Faith	Et par ceci nous savons que nous l'avons connu, savoir, si nous gardons ses commandements.
43008024	Sin	C'est pourquoi je vous ai dit, que vous mourrez dans vos péchés; car si vous ne croyez pas ce que je suis, vous mourrez dans vos péchés.
66017006	Sin	Je vis cette femme enivrée du sang des saints et du sang des martyrs de Jésus, et en la voyant, je fus saisi d'une grande stupeur.
58012017	Description	Car vous savez que voulant, même après cela, hériter de la bénédiction, il fut rejeté, car il n'obtint pas un changement de résolution, quoiqu'il le demandât avec larmes.
43007012	Description	Et il y avait une grande rumeur à son sujet parmi le peuple. Les uns disaient: C'est un homme de bien; et les autres disaient: Non, mais il séduit le peuple.
44011021	Faith	Et la main du Seigneur était avec eux, et un grand nombre crurent et se convertirent au Seigneur.
52002004	Faith	Mais, comme Dieu nous a jugés dignes de nous confier l'Évangile, aussi parlons-nous, non pour plaire aux hommes, mais à Dieu, qui éprouve nos cœurs.
46015057	Grace	Mais grâces soient rendues à Dieu, qui nous a donné la victoire par notre Seigneur Jésus-Christ.
54005005	Faith	Or, celle qui est véritablement veuve et qui est demeurée seule, espère en Dieu et persévère nuit et jour dans les prières et les oraisons.
43016024	Grace	Jusqu'à présent vous n'avez rien demandé en mon nom; demandez, et vous recevrez, afin que votre joie soit accomplie.
46007021	Recommendation	As-tu été appelé étant esclave? ne t'en mets point en peine; mais si tu peux devenir libre, profites-en plutôt.
65001019	Sin	Ce sont des hommes qui se séparent eux-mêmes, gens sensuels, n'ayant pas l'Esprit.
48001006	Sin	Je m'étonne que vous abandonniez si promptement celui qui vous avait appelés à la grâce de Christ, pour passer à un autre évangile;
58012014	Recommendation	Recherchez la paix avec tous, et la sanctification, sans laquelle personne ne verra le Seigneur;
43021006	Description	Et il leur dit: Jetez le filet du côté droit de la barque, et vous trouverez. Ils le jetèrent donc, et ils ne pouvaient plus le retirer, à cause de la quantité de poissons.
46007019	Recommendation	La circoncision n'est rien; l'incirconcision n'est rien; mais l'observation des commandements de Dieu est tout.
45012008	Recommendation	Celui qui distribue les aumônes, qu'il le fasse avec simplicité; celui qui préside, qu'il préside avec soin; celui qui exerce les ouvres de miséricorde, qu'il le fasse avec joie.
44019002	Faith	Avez-vous reçu le Saint-Esprit, lorsque vous avez cru? Ils lui répondirent: Nous n'avons pas même entendu dire qu'il y ait un Saint-Esprit.
53003014	Recommendation	Et si quelqu'un n'obéit point à ce que nous disons par cette lettre, notez-le, et n'ayez point de communication avec lui, afin qu'il en ait de la confusion.
46015050	Sin	Or, je dis ceci, frères; c'est que la chair et le sang ne peuvent hériter le royaume de Dieu, et que la corruption n'hérite point l'incorruptibilité.
43006027	Recommendation	Travaillez, non point pour la nourriture qui périt, mais pour celle qui demeure jusqu'à la vie éternelle, et que le Fils de l'homme vous donnera; car le Père, Dieu, l'a marqué de son sceau.
59004003	Sin	Vous demandez, et vous ne recevez point, parce que vous demandez mal, et dans la vue de satisfaire à vos plaisirs.
49005020	Faith	Rendez grâces toujours pour toutes choses à Dieu le Père, au nom de notre Seigneur Jésus-Christ.
48003006	Faith	Comme il est dit d'Abraham: Il crut à Dieu, et cela lui fut imputé à justice;
66021023	Grace	Et la ville n'a pas besoin du soleil, ni de la lune, pour l'éclairer; car la gloire de Dieu l'éclaire, et l'Agneau est son flambeau.
45008009	Faith	Pour vous, vous n'êtes point dans la chair, mais dans l'esprit, s'il est vrai que l'Esprit de Dieu habite en vous. Or, si quelqu'un n'a point l'Esprit de Christ, celui-là n'est point à Lui.
45011023	Faith	Et quant à eux, s'ils ne persévèrent pas dans l'incrédulité, ils seront entés; car Dieu a le pouvoir de les enter de nouveau.
66014005	Description	Et il ne s'est point trouvé de fraude dans leur bouche; car ils sont sans tache devant le trône de Dieu.
44024014	Faith	Toutefois, je te confesse ceci, que, suivant la voie qu'ils appellent secte, je sers le Dieu de mes pères, croyant tout ce qui est écrit dans la loi et dans les prophètes;
45013008	Recommendation	Ne devez rien à personne, si ce n'est de vous aimer les uns les autres; car celui qui aime les autres, a accompli la loi.
66016009	Sin	Et les hommes furent brûlés par une grande chaleur, et ils blasphémèrent le nom de Dieu, qui a puissance sur ces plaies; et ils ne se repentirent point pour lui donner gloire.
66021012	Description	Elle avait une grande et haute muraille, avec douze portes, et aux douze portes douze anges et des noms écrits, c'étaient les noms des douze tribus des enfants d'Israël.
48003013	Grace	Christ nous a rachetés de la malédiction de la loi, quand il a été fait malédiction pour nous; (car il est écrit: Maudit est quiconque est pendu au bois; )
48001013	Sin	Vous avez, en effet, entendu dire quelle était autrefois ma conduite dans le judaïsme; comment je persécutais à outrance l'Église de Dieu, et la ravageais;
66020002	Description	Et il saisit le dragon, l'ancien serpent, qui est le diable et Satan, et le lia pour mille ans.
44008009	Description	Or, il y avait auparavant, dans la ville, un homme nommé Simon, qui exerçait la magie et étonnait le peuple de la Samarie, se faisant passer pour un grand personnage.
50003010	Faith	Afin que je connaisse Christ, et l'efficace de sa résurrection, et la communion de ses souffrances, en devenant conforme à lui dans sa mort;
54005022	Recommendation	N'impose les mains à personne avec précipitation, et ne participe point aux péchés d'autrui, conserve-toi pur toi-même.
56002003	Recommendation	Que les femmes âgées aient de même l'extérieur qui convient à la sainteté; qu'elles ne soient ni médisantes, ni sujettes aux excès du vin; qu'elles enseignent le bien;
46007038	Recommendation	C'est pourquoi celui qui marie sa fille, fait bien; mais celui qui ne la marie pas, fait mieux.
59001022	Recommendation	Mettez en pratique la parole, et ne vous bornez pas à l'écouter, en vous trompant vous-mêmes par de faux raisonnements.
43007001	Violence	Après ces choses, Jésus parcourait la Galilée, car il ne voulait pas demeurer en Judée, parce que les Juifs cherchaient à le faire mourir.
46001030	Grace	Or, c'est par Lui que vous êtes en Jésus-Christ, qui nous a été fait de la part de Dieu, sagesse, justice, sanctification et rédemption;
43013005	Description	Ensuite, il mit de l'eau dans un bassin, et se mit à laver les pieds de ses disciples, et à les essuyer avec le linge dont il était ceint.
44022004	Violence	J'ai persécuté à mort cette doctrine, liant et mettant dans les prisons tant les hommes que les femmes,
43007043	Description	Le peuple était donc partagé à son sujet.
60005002	Recommendation	Paissez le troupeau de Dieu qui est au milieu de vous, veillant sur lui, non par contrainte, mais volontairement; non pour un gain honteux, mais par affection;
46015056	Sin	Or, l'aiguillon de la mort, c'est le péché; et la puissance du péché, c'est la loi.
59005004	Sin	Voici, le salaire des ouvriers qui ont moissonné vos champs, et dont vous les avez frustrés, crie; et les cris des moissonneurs sont parvenus aux oreilles du Seigneur des armées.
60002001	Recommendation	Ayant donc renoncé à toute sorte de malice, de fraude, de dissimulation, d'envie et de médisance,
46007039	Recommendation	La femme est liée à son mari par la loi tout le temps qu'il est en vie; mais si son mari meurt, elle est libre de se remarier à qui elle veut, seulement que ce soit selon le Seigneur.
55002018	Sin	Qui se sont détournés de la vérité, en disant que la résurrection est déjà arrivée, et qui renversent la foi de quelques-uns.
48005006	Faith	Car en Jésus-Christ ce qui est efficace ce n'est ni la circoncision, ni l'incirconcision, mais la foi agissant par la charité.
58005009	Grace	Et ayant été rendu parfait, il est devenu l'auteur du salut éternel pour tous ceux qui lui obéissent;
46016001	Recommendation	A l'égard de la collecte qui se fait pour les saints, faites comme je l'ai ordonné aux Églises de Galatie.
49005022	Recommendation	Femmes, soyez soumises à vos propres maris, comme au Seigneur,
43008012	Faith	Jésus parla encore au peuple, et dit: Je suis la lumière du monde; celui qui me suit ne marchera point dans les ténèbres, mais il aura la lumière de la vie.
65001017	Recommendation	Mais vous, bien-aimés, souvenez-vous des choses qui ont été prédites par les apôtres de notre Seigneur Jésus-Christ;
44017025	Grace	Il n'est point servi par les mains des hommes, comme s'il avait besoin de quelque chose, lui qui donne à tous la vie, la respiration et toutes choses.
62005009	Faith	Si nous recevons le témoignage des hommes, le témoignage de Dieu est d'un plus grand poids; or, c'est là le témoignage que Dieu a rendu de son Fils.
45013014	Faith	Mais revêtez-vous du Seigneur Jésus-Christ, et ne flattez point la chair dans ses convoitises.
58011030	Description	Par la foi, les murailles de Jéricho tombèrent, après qu'on en eut fait le tour pendant sept jours.
44019011	Grace	Et Dieu faisait des miracles extraordinaires par les mains de Paul;
43008034	Sin	Jésus leur répondit: En vérité, en vérité je vous dis, que quiconque s'adonne au péché, est esclave du péché.
62004011	Faith	Bien-aimés, si Dieu nous a ainsi aimés, nous devons aussi nous aimer les uns les autres.
44002028	Grace	Tu m'as fait connaître le chemin de la vie; tu me rempliras de joie devant ta face.
54004013	Recommendation	Applique-toi à la lecture, à l'exhortation, à l'instruction, jusqu'à ce que je vienne.
47004008	Description	Nous sommes pressés de toute manière, mais non réduits à l'extrémité; en perplexité, mais non sans espérance;
44002013	Description	Et d'autres se moquant, disaient: C'est qu'ils sont pleins de vin doux.
66021018	Description	La muraille était bâtie de jaspe, mais la ville était d'un or pur, semblable à un verre pur.
66015006	Description	Et les sept anges qui tenaient les sept plaies, sortirent du temple, vêtus d'un lin pur et éclatant, et ceints autour de la poitrine de ceintures d'or.
45012014	Recommendation	Bénissez ceux qui vous persécutent; bénissez, et ne maudissez point.
66001015	Description	Ses pieds, semblables à un cuivre très fin, étaient embrasés comme par une fournaise, et sa voix était comme la voix des grosses eaux.
43017026	Grace	Et je leur ai fait connaître ton nom, et je le leur ferai connaître, afin que l'amour dont tu m'as aimé soit en eux, et que moi-même je sois en eux.
45008032	Grace	Lui, qui n'a point épargné son propre Fils, mais qui l'a livré pour nous tous, comment ne nous donnera-t-il point toutes choses avec lui?
65001018	Sin	Qui vous disaient que dans le dernier temps, il y aurait des moqueurs, qui marcheraient suivant leurs convoitises impies.
45011018	Recommendation	Ne te glorifie pas aux dépens des rameaux; toutefois, si tu te glorifies, sache que ce n'est pas toi qui portes la racine, mais que c'est la racine qui te porte.
47001024	Faith	Non que nous dominions sur votre foi, mais nous contribuons à votre joie, puisque c'est par la foi que vous demeurez fermes.
43011001	Description	Il y avait un homme malade, Lazare de Béthanie, bourg de Marie et de Marthe sa sœur.
52004008	Sin	C'est pourquoi, celui qui rejette ceci, ne rejette pas un homme, mais Dieu, qui nous a aussi donné son Saint-Esprit.
62004002	Faith	Reconnaissez l'Esprit de Dieu à ceci: tout esprit qui confesse Jésus-Christ venu en chair, est de Dieu;
65001008	Sin	Ceux-là de même, plongés dans leurs songes, souillent leur chair, et méprisent l'autorité et parlent mal des dignités.
60003011	Recommendation	Qu'il se détourne du mal, et fasse le bien; qu'il cherche la paix, et la poursuive.
51001023	Faith	Pourvu que vous demeuriez fondés dans la foi et inébranlables, n'abandonnant point l'espérance de l'Évangile que vous avez entendu, qui a été prêché à toute créature sous le ciel, et dont moi, Paul, j'ai été fait ministre.
43008059	Violence	Alors ils prirent des pierres pour les jeter contre lui; mais Jésus se cacha et sortit du temple, passant au milieu d'eux, et ainsi il s'en alla.
49004024	Recommendation	Et à vous revêtir du nouvel homme, créé à l'image de Dieu, dans la justice et la sainteté de la vérité.
66014012	Faith	C'est ici la patience des saints, ce sont ici ceux qui gardent les commandements de Dieu, et la foi de Jésus.
44013030	Description	Mais Dieu l'a ressuscité des morts;
43010011	Description	Je suis le bon berger; le bon berger donne sa vie pour ses brebis.
49003002	Grace	Si en effet vous avez appris quelle est la dispensation de la grâce de Dieu, qui m'a été donnée pour vous;
56003010	Recommendation	Éloigne-toi de l'homme hérétique, après l'avoir averti une première et une seconde fois;
43010019	Description	Alors il y eut de nouveau une division entre les Juifs, à cause de ce discours.
43003033	Faith	Celui qui a reçu son témoignage a scellé que Dieu est véritable.
61003014	Recommendation	C'est pourquoi, bien-aimés, en attendant ces choses, efforcez-vous d'être trouvés sans tache et sans reproche devant lui dans la paix.
53003001	Faith	Au reste, frères, priez pour nous, afin que la parole du Seigneur ait un libre cours, et soit glorifiée partout, comme elle l'est parmi vous;
47004014	Faith	Sachant que celui qui a ressuscité le Seigneur Jésus, nous ressuscitera aussi par Jésus, et nous fera comparaître avec vous.
59005014	Recommendation	Quelqu'un est-il malade parmi vous? qu'il appelle les Anciens de l'Eglise, et que ceux-ci prient pour lui, en l'oignant d'huile au nom du Seigneur.
44007023	Description	Mais, quand il eut atteint l'âge de quarante ans, il lui vint au cœur de visiter ses frères, les enfants d'Israël.
44023027	Violence	Les Juifs s'étaient saisis de cet homme et allaient le tuer, lorsque survenant avec la garnison, je l'ai tiré de leurs mains, ayant appris qu'il était Romain.
44019029	Description	Et toute la ville fut remplie de confusion; et ils coururent tous ensemble au théâtre, entraînant avec eux Gaïus et Aristarque, Macédoniens, compagnons de voyage de Paul.
44003014	Sin	Mais vous avez renié le Saint et le Juste, et vous avez demandé qu'on vous accordât un meurtrier;
44015009	Faith	Et il n'a point fait de différence entre nous et eux, ayant purifié leurs cours par la foi.
46011028	Recommendation	Que chacun donc s'éprouve soi-même, et qu'ainsi il mange de ce pain et boive de cette coupe;
46015058	Faith	C'est pourquoi, mes frères bien-aimés, soyez fermes, inébranlables, abondant toujours dans l'œuvre du Seigneur, sachant que votre travail n'est pas vain dans le Seigneur.
46004016	Recommendation	Je vous en supplie donc, soyez mes imitateurs.
46001021	Faith	Car, tandis que le monde, par cette sagesse, n'a point connu Dieu dans la sagesse de Dieu, il a plu à Dieu de sauver les croyants par la folie de la prédication.
60003001	Recommendation	Femmes, soyez de même soumises à vos maris, afin que s'il y en a qui n'obéissent point à la parole, ils soient gagnés sans la parole, par la conduite de leurs femmes;
47005020	Recommendation	Nous faisons donc la fonction d'ambassadeurs pour Christ, comme si Dieu exhortait par nous; et nous vous supplions au nom de Christ: Soyez réconciliés avec Dieu!
44002024	Description	Mais Dieu l'a ressuscité, ayant rompu les liens de la mort, parce qu'il n'était pas possible qu'il fût retenu par elle.
59002007	Sin	Ne sont-ce pas eux qui blasphèment le beau nom qui a été invoqué sur vous?
54003003	Description	Point adonné au vin, ni violent, ni porté au gain déshonnête, mais doux, éloigné des querelles, exempt d'avarice,
43004014	Grace	Mais celui qui boira de l'eau que je lui donnerai, n'aura plus jamais soif, mais l'eau que je lui donnerai deviendra en lui une source d'eau qui jaillira pour la vie éternelle.
62002005	Faith	Mais pour celui qui garde sa parole, l'amour de Dieu est véritablement parfait en lui, et à cela nous connaissons que nous sommes en lui.
66016013	Description	Et je vis sortir de la gueule du dragon, et de la gueule de la bête, et de la bouche du faux prophète, trois esprits immondes, semblables à des grenouilles.
59002008	Recommendation	Si vous accomplissez la loi royale, selon l'Écriture: Tu aimeras ton prochain comme toi-même, vous faites bien;
47004005	Faith	Car nous ne nous prêchons pas nous-mêmes, mais nous prêchons Jésus-Christ le Seigneur; et pour nous, nous sommes vos serviteurs, à cause de Jésus.
46015033	Recommendation	Ne vous abusez point: les mauvaises compagnies corrompent les bonnes mœurs.
58013020	Grace	Or, que le Dieu de paix, qui a ramené d'entre les morts le souverain Pasteur des brebis, notre Seigneur Jésus, par le sang d'une alliance éternelle,
50001027	Recommendation	Conduisez-vous seulement d'une manière digne de l'Évangile de Christ, afin que, soit que je vienne vous voir, ou que je sois absent, j'entende dire de vous, que vous persistez, dans un même esprit, à combattre, avec une même âme, pour la foi de l'Évangile, sans vous effrayer en rien des adversaires,
46006014	Grace	Or Dieu a ressuscité le Seigneur, et il nous ressuscitera aussi par sa puissance.
55001006	Recommendation	C'est pourquoi je te rappelle de rallumer le don de Dieu qui t'a été communiqué par l'imposition de mes mains.
60004006	Grace	Car l'Évangile a été aussi annoncé aux morts, afin que condamnés quant à la chair selon l'homme, ils vécussent quant à l'esprit selon Dieu.
46007023	Recommendation	Vous avez été achetés à un grand prix; ne devenez point esclaves des hommes.
46010010	Recommendation	Et ne murmurez point, comme quelques-uns d'entre eux murmurèrent; et ils périrent par l'exterminateur.
47002017	Faith	Car nous ne falsifions point la parole de Dieu, comme beaucoup le font; mais nous parlons avec sincérité, comme de la part de Dieu, devant Dieu, en Christ.
45015001	Recommendation	Nous devons donc, nous qui sommes forts, supporter les infirmités des faibles, et ne pas nous complaire en nous-mêmes.
50002024	Faith	Et j'ai cette confiance dans le Seigneur que je viendrai aussi moi-même bientôt.
66007001	Description	Après cela, je vis quatre anges qui se tenaient aux quatre coins de la terre, retenant les quatre vents, afin qu'aucun vent ne soufflât ni sur la terre, ni sur la mer, ni sur aucun arbre.
60004003	Sin	Car il nous suffit d'avoir accompli dans le temps de notre vie passée la volonté des Gentils, en marchant dans les impudicités et les convoitises, l'ivrognerie, les excès du manger et du boire, et les idolâtries criminelles.
66011005	Violence	Et si quelqu'un veut leur faire du mal, il sortira de leur bouche un feu qui dévorera leurs ennemis; car si quelqu'un veut leur faire du mal, il faut qu'il périsse de cette manière.
44023005	Recommendation	Paul répondit: Frères, je ne savais pas que ce fût le souverain sacrificateur; car il est écrit: Tu ne maudiras point le prince de ton peuple.
66022015	Sin	Mais dehors seront les impudiques, les empoisonneurs, les fornicateurs, les meurtriers, les idolâtres, et quiconque aime et pratique le mensonge.
66002014	Sin	Mais j'ai quelque peu de chose contre toi, c'est que tu as là des gens qui tiennent la doctrine de Balaam, qui enseignait à Balak à mettre un scandale devant les enfants d'Israël, pour qu'ils mangeassent des choses sacrifiées aux idoles, et qu'ils tombassent dans la fornication.
53001003	Faith	Frères, nous devons toujours rendre grâces à Dieu pour vous, comme il est juste, puisque votre foi fait de grands progrès, et que la charité que vous avez tous les uns pour les autres, abonde de plus en plus,
46012002	Sin	Vous savez que vous étiez des Gentils, entraînés vers des idoles muettes, selon qu'on vous menait.
49005025	Recommendation	Maris, aimez vos femmes, comme aussi Christ a aimé l'Église, et s'est livré lui-même pour elle;
45012017	Recommendation	Ne rendez à personne le mal pour le mal; attachez-vous à ce qui est bien devant tous les hommes.
60005006	Recommendation	Humiliez-vous donc sous la puissante main de Dieu, afin qu'il vous élève quand il en sera temps;
44014017	Grace	Quoiqu'il n'ait point cessé de donner des témoignages de ce qu'il est, en faisant du bien, en nous envoyant du ciel les pluies, et les saisons fertiles, et en remplissant nos cours de biens et de joie.
54003011	Recommendation	De même, que leurs femmes soient graves, non médisantes, sobres, et fidèles en toutes choses.
66002021	Sin	Et je lui ai donné du temps, afin qu'elle se repentît de sa fornication; et elle ne s'est point repentie.
44012020	Description	Or, Hérode était en hostilité avec les Tyriens et les Sidoniens. Mais ils vinrent le trouver d'un commun accord, et ayant gagné Blastus, chambellan du roi, ils demandèrent la paix, parce que leur pays tirait sa subsistance de celui du roi.
43008049	Sin	Jésus répondit: Je n'ai point de démon, mais j'honore mon Père, et vous me déshonorez.
43006018	Description	Comme il soufflait un grand vent, la mer élevait ses vagues.
45008018	Faith	Car j'estime qu'il n'y a point de proportion entre les souffrances du temps présent et la gloire à venir, qui sera manifestée en nous.
62002012	Grace	Petits enfants, je vous écris, parce que vos péchés vous sont pardonnés à cause de son nom.
55001009	Grace	Qui nous a sauvés, et nous a appelés par un saint appel, non selon nos œuvres, mais selon son propre dessein, et selon la grâce qui nous a été donnée en Jésus-Christ avant tous les siècles,
43019006	Violence	Mais quand les principaux sacrificateurs et les sergents le virent, ils s'écrièrent: Crucifie-le, crucifie-le! Pilate leur dit: Prenez-le vous-mêmes et le crucifiez; car je ne trouve aucun crime en lui.
60001010	Grace	C'est de ce salut que se sont informés et enquis les prophètes, qui ont prophétisé touchant la grâce qui est en vous;
63001007	Sin	Car plusieurs séducteurs sont entrés dans le monde, qui ne confessent point que Jésus-Christ est venu en chair. Un tel homme est le séducteur et l'antichrist.
44024005	Sin	Nous avons trouvé cet homme, qui est une peste, qui sème la discorde parmi tous les Juifs répandus dans le monde, et qui est le chef de la secte des Nazaréens,
54003016	Grace	Et, de l'aveu de tous, le mystère de piété est grand: Dieu a été manifesté en chair, justifié par l'Esprit, vu des anges, prêché parmi les Gentils, cru dans le monde, et élevé dans la gloire.
66016021	Violence	Et il tomba du ciel sur les hommes une grosse grêle, du poids d'un talent; et les hommes blasphémèrent Dieu, à cause du fléau de la grêle, parce que la plaie qu'elle causa fut fort grande.
61003013	Faith	Or, nous attendons, selon sa promesse, de nouveaux cieux et une nouvelle terre, où la justice habite.
66006014	Description	Et le ciel se retira comme un livre qu'on roule; et toutes les montagnes et les îles furent ôtées de leurs places;
58010010	Grace	C'est en vertu de cette volonté que nous sommes sanctifiés, par l'oblation faite une seule fois du corps de Jésus-Christ.
52001002	Faith	Nous rendons toujours grâces à Dieu pour vous tous, faisant mention de vous dans nos prières;
66006004	Violence	Et il sortit un autre cheval couleur de feu; et celui qui le montait reçut le pouvoir de bannir la paix de la terre, et de faire que les hommes se tuassent les uns les autres; et on lui donna une grande épée.
54006001	Recommendation	Que tous les esclaves qui sont sous le joug, regardent leurs maîtres comme dignes de tout respect, afin que le nom de Dieu et la doctrine ne soient pas blasphémés;
51003009	Recommendation	Ne mentez point les uns aux autres; ayant dépouillé le vieil homme avec ses œuvres,
66002020	Sin	Mais j'ai quelque peu de chose contre toi, c'est que tu souffres que la femme Jésabel, qui se dit prophétesse, enseigne et séduise mes serviteurs, pour les engager dans la fornication, et leur faire manger des choses sacrifiées aux idoles.
48003008	Grace	Aussi l'Écriture, prévoyant que Dieu justifierait les Gentils par la foi, a évangélisé par avance à Abraham, en lui disant: Toutes les nations seront bénies en toi.
58012005	Recommendation	Et vous avez oublié l'exhortation qui vous est adressée, comme à des fils: Mon fils, ne méprise pas le châtiment du Seigneur, et ne perds point courage, lorsqu'il te reprend;
58013017	Recommendation	Obéissez à vos conducteurs et soyez-leur soumis, car ils veillent sur vos âmes, comme devant en rendre compte, afin qu'ils le fassent avec joie et non en gémissant; car cela vous serait préjudiciable.
44013019	Description	Et ayant détruit sept nations au pays de Canaan, il leur distribua leur pays par le sort.
54006003	Faith	Si quelqu'un enseigne autrement, et ne s'attache pas aux salutaires paroles de notre Seigneur Jésus-Christ, et à la doctrine qui est selon la piété,
63001010	Recommendation	Si quelqu'un vient à vous, et n'apporte point cette doctrine, ne le recevez point dans votre maison, et ne le saluez point.
47001005	Grace	Car, comme les souffrances de Christ abondent en nous, ainsi notre consolation abonde par Christ.
65001011	Sin	Malheur à eux! car ils ont suivi la voie de Caïn; en effet, ils se sont jetés dans l'égarement de Balaam, l'amour du gain; ils ont péri de la rébellion de Coré.
65001010	Sin	Mais ceux-ci parlent mal de tout ce qu'ils ne connaissent pas; et ils se corrompent en tout ce qu'ils savent naturellement, comme les animaux destitués de raison.
58011007	Faith	Par la foi, Noé, divinement averti des choses qu'on ne voyait point encore, fut rempli de crainte, et construisit une arche, pour le salut de sa famille; par elle il condamna le monde, et devint héritier de la justice qui est selon la foi.
58009006	Description	Or, ces choses étant ainsi disposées, les sacrificateurs entrent bien continuellement dans le premier tabernacle, en accomplissant le service divin;
44007051	Sin	Gens de col roide, et incirconcis de cour et d'oreilles, vous vous opposez toujours au Saint-Esprit; vous êtes tels que vos pères.
54001009	Sin	Et qui sait que la loi a été établie, non pas pour le juste, mais pour les méchants et les rebelles, pour les impies et les pécheurs, pour les gens sans religion et les profanes, pour les meurtriers de père et de mère, et les homicides,
46005009	Recommendation	Je vous ai écrit dans ma lettre de ne pas avoir de relation avec les impudiques;
48001015	Grace	Mais quand il plut à Dieu, qui m'avait choisi dès le sein de ma mère, et qui m'a appelé par sa grâce,
45007015	Description	Car je n'approuve point ce que je fais, je ne fais point ce que je veux, mais je fais ce que je hais.
61003018	Faith	Mais croissez dans la grâce et la connaissance de notre Seigneur et Sauveur Jésus-Christ. A lui soit gloire, et maintenant, et pour le jour d'éternité! Amen.
46004010	Description	Nous sommes fous à cause de Christ, mais vous, vous êtes sages en Christ; nous sommes faibles mais vous êtes forts; vous êtes dans l'honneur, mais nous sommes dans le mépris.
60005009	Faith	Résistez-lui, étant fermes dans la foi, sachant que vos frères, qui sont dans le monde, souffrent les mêmes afflictions.
51003022	Recommendation	Serviteurs, obéissez en toutes choses à vos maîtres selon la chair, ne servant pas seulement sous leurs yeux, comme pour plaire aux hommes; mais avec simplicité de cœur dans la crainte de Dieu.
66017012	Description	Et les dix cornes que tu as vues, sont dix rois qui n'ont pas encore reçu l'empire; mais ils auront la puissance comme rois, avec la bête, pour une heure.
46002012	Grace	Pour nous, nous n'avons pas reçu l'esprit du monde, mais l'Esprit qui vient de Dieu, pour connaître les choses qui nous ont été données de Dieu;
59005001	Recommendation	A vous, riches, maintenant! pleurez et jetez des cris, A cause des malheurs qui vont tomber sur vous.
66002010	Recommendation	Ne crains rien des choses que tu auras à souffrir; voici, le diable va jeter en prison quelques-uns de vous, afin que vous soyez éprouvés; et vous aurez une affliction de dix jours. Sois fidèle jusqu'à la mort, et je te donnerai la couronne de vie.
54006011	Recommendation	Mais toi, ô homme de Dieu! fuis ces choses, et recherche la justice, la piété, la foi, la charité, la patience, la douceur.
59005005	Sin	Vous avez vécu dans les voluptés et dans les délices sur la terre, et vous vous êtes rassasiés comme en un jour de sacrifice.
66004004	Description	Autour du trône il y avait vingt-quatre autres trônes; et je vis sur ces trônes vingt-quatre Anciens assis, vêtus de vêtements blancs, et ayant sur leurs têtes des couronnes d'or.
66018007	Description	Autant elle s'est enorgueillie et s'est plongée dans les délices, autant faites-lui souffrir de tourment et d'affliction, parce qu'elle dit en son cœur: Je suis assise en reine, je ne suis point veuve, et je ne verrai point le deuil.
60003007	Recommendation	Maris, de même, conduisez-vous avec sagesse envers vos femmes, comme envers un être plus faible, en lui rendant honneur, puisqu'elles hériteront avec vous de la grâce de la vie; afin que vos prières ne soient point entravées.
54002012	Recommendation	Car je ne permets pas à la femme d'enseigner, ni de prendre de l'autorité sur son mari; mais elle doit demeurer dans le silence.
46001009	Faith	Dieu, par qui vous avez été appelés à la communion de son Fils Jésus-Christ, notre Seigneur, est fidèle.
48005013	Recommendation	Frères, vous avez été appelés à la liberté; seulement ne prenez pas prétexte de cette liberté pour vivre selon la chair; mais assujettissez-vous les uns aux autres par la charité.
59002012	Recommendation	Ainsi, parlez et agissez comme devant être jugés par la loi de la liberté.
46012005	Faith	Il y a aussi diversité de ministères, mais un même Seigneur;
45009005	Description	Qui descendent des pères, et de qui est sorti, selon la chair, Christ, qui est Dieu au-dessus de toutes choses, béni éternellement. Amen!
47001006	Description	Et, soit que nous soyons affligés, c'est pour votre consolation et votre salut, qui s'opère dans la patience avec laquelle vous endurez les mêmes maux que nous souffrons aussi; soit que nous soyons consolés, c'est pour votre consolation et votre salut;
47001021	Faith	Or, celui qui nous affermit avec vous en Christ, et qui nous a oints, c'est Dieu,
44010015	Recommendation	La voix lui dit encore pour la seconde fois: Ne regarde pas comme souillé ce que Dieu a purifié.
66018009	Sin	Et les rois de la terre, qui ont commis fornication, et qui ont vécu dans les délices avec elle, la pleureront et se frapperont la poitrine à cause d'elle lorsqu'ils verront la fumée de son embrasement.
43014023	Faith	Jésus lui répondit: Si quelqu'un m'aime, il gardera ma parole, et mon Père l'aimera, et nous viendrons à lui, et nous ferons notre demeure chez lui.
62004010	Grace	En ceci est l'amour, c'est que ce n'est pas nous qui avons aimé Dieu, mais que c'est lui qui nous a aimés et a envoyé son Fils en propitiation pour nos péchés.
62001007	Faith	Mais si nous marchons dans la lumière, comme il est lui-même dans la lumière, nous sommes en communion les uns avec les autres, et le sang de son Fils Jésus-Christ nous purifie de tout péché.
48004007	Grace	C'est pourquoi tu n'es plus esclave, mais fils, et si tu es fils, tu es aussi héritier de Dieu par Christ.
58001008	Faith	Mais quant au Fils: O Dieu! ton trône demeure aux siècles des siècles, et le sceptre de ton règne est un sceptre d'équité:
43010033	Sin	Les Juifs lui répondirent: Ce n'est point pour une bonne ouvre que nous te lapidons, mais pour un blasphème, et parce qu'étant homme, tu te fais Dieu.
66014011	Description	Et la fumée de leur tourment montera aux siècles des siècles; et ils n'auront aucun repos, ni le jour ni la nuit, ceux qui auront adoré la bête et son image, et quiconque aura pris la marque de son nom.
47004001	Faith	C'est pourquoi, ayant ce ministère selon la miséricorde qui nous a été faite, nous ne perdons pas courage;
58013006	Faith	De sorte que nous disons avec assurance: Le Seigneur est mon aide, et je ne craindrai point; que me fera l'homme?
45014003	Recommendation	Que celui qui mange de tout, ne méprise pas celui qui ne mange pas de tout; et que celui qui ne mange pas de tout, ne condamne pas celui qui mange de tout; car Dieu l'a reçu.
45015005	Grace	Et que le Dieu de patience et de consolation vous donne d'avoir les mêmes sentiments entre vous selon Jésus-Christ;
58007027	Description	Qui n'eût pas besoin, comme les souverains sacrificateurs, d'offrir tous les jours des sacrifices, premièrement pour ses propres péchés, puis pour ceux du peuple; car il a fait cela une fois, en s'offrant lui-même.
62003017	Sin	Or, celui qui aurait des biens de ce monde, et qui, voyant son frère dans le besoin, lui fermerait ses entrailles, comment l'amour de Dieu demeurerait-il en lui?
47005008	Faith	Mais nous sommes pleins de confiance, et nous aimons mieux quitter ce corps, et demeurer auprès du Seigneur.
60002011	Recommendation	Bien-aimés, je vous exhorte, comme des étrangers et des voyageurs, à vous abstenir des convoitises charnelles qui font la guerre à l'âme;
60002017	Recommendation	Rendez honneur à tous; aimez tous les frères; craignez Dieu; honorez le roi.
44007025	Description	Or, il croyait que ses frères comprendraient que Dieu leur apportait le salut par sa main; mais ils ne le comprirent point.
50003002	Violence	Prenez garde aux chiens; prenez garde aux mauvais ouvriers; prenez garde à la fausse circoncision.
56001016	Sin	Ils font profession de connaître Dieu, mais ils le renient par leurs œuvres, étant abominables, rebelles, et incapables d'aucune bonne œuvre.
45010002	Faith	Car je leur rends ce témoignage, qu'ils ont du zèle pour Dieu; mais un zèle sans connaissance;
47001004	Grace	Qui nous console dans toutes nos afflictions, afin que, par la consolation dont nous sommes nous-mêmes consolés de Dieu, nous puissions consoler tous ceux qui sont dans quelque affliction.
55002015	Recommendation	Efforce-toi de te montrer éprouvé devant Dieu, comme un ouvrier irréprochable, dispensant avec droiture la parole de la vérité.
53002004	Description	L'adversaire et celui qui s'élève au-dessus de tout ce qu'on appelle Dieu, ou qu'on adore, jusqu'à s'asseoir comme dieu dans le temple de Dieu, se proclamant lui-même dieu.
49006004	Recommendation	Et vous, pères, n'aigrissez point vos enfants, mais élevez-les sous la discipline et l'admonition du Seigneur.
45008037	Grace	Au contraire, dans toutes ces choses nous sommes plus que vainqueurs, par celui qui nous a aimés.
44026014	Violence	Et étant tous tombés par terre, j'entendis une voix qui me parlait, et me disait, en langue hébraïque: Saul, Saul, pourquoi me persécutes-tu? Il te serait dur de regimber contre les aiguillons.
66002009	Sin	Je connais tes œuvres, et ta tribulation, et ta pauvreté, (quoique tu sois riche, ) et les calomnies de ceux qui se disent Juifs, et ne le sont point, mais qui sont une synagogue de Satan.
46013006	Faith	Elle ne se réjouit point de l'injustice, mais elle se réjouit de la vérité;
59001021	Recommendation	C'est pourquoi, vous dépouillant de toute souillure et des excès de la malice, recevez avec douceur la parole qui est plantée en vous, qui peut sauver vos âmes.
46003006	Grace	J'ai planté, Apollos a arrosé, mais Dieu a donné l'accroissement.
66014008	Sin	Et un autre ange le suivit, en disant: Elle est tombée, elle est tombée, Babylone, la grande ville, parce qu'elle a abreuvé toutes les nations du vin de la fureur de son impudicité.
43015014	Recommendation	Vous serez mes amis, si vous faites tout ce que je vous commande.
62005021	Recommendation	Petits enfants, gardez-vous des idoles! Amen.
55003006	Sin	De ce nombre sont ceux qui s'introduisent dans les maisons, et qui captivent de pauvres femmes chargées de péchés, entraînées par diverses passions;
49004015	Faith	Mais que, professant la vérité dans la charité, nous croissions en toutes choses dans celui qui est le chef, Christ;
49004003	Faith	Vous appliquant à conserver l'unité de l'esprit, par le lien de la paix.
44009005	Description	Et il répondit: Qui es-tu, Seigneur? Et le Seigneur lui dit: Je suis Jésus que tu persécutes; il te serait dur de regimber contre les aiguillons.
60003015	Recommendation	Mais sanctifiez dans vos cœurs le Seigneur Dieu. Et soyez toujours prêts à vous défendre, avec douceur et respect auprès de tous ceux qui vous demandent raison de l'espérance qui est en vous;
44007033	Recommendation	Alors le Seigneur lui dit: Ote les souliers de tes pieds; car le lieu où tu es est une terre sainte.
62002024	Faith	Que ce que vous avez entendu dès le commencement, demeure donc en vous. Si ce que vous avez entendu dès le commencement, demeure en vous, vous demeurerez aussi dans le Fils et dans le Père.
43008051	Faith	En vérité, en vérité je vous dis, que si quelqu'un garde ma parole, il ne verra jamais la mort.
66020011	Description	Puis je vis un grand trône blanc, et celui qui y était assis. La terre et le ciel s'enfuirent de devant sa face, et leur place ne se retrouva plus.
46006013	Recommendation	Les aliments sont pour le ventre, et le ventre pour les aliments; mais Dieu détruira et ceux-ci et celui-là. Et le corps n'est point pour l'impudicité, mais pour le Seigneur, et le Seigneur pour le corps.
45006011	Faith	Vous aussi, considérez-vous comme morts au péché, mais vivants à Dieu en Jésus-Christ notre Seigneur.
47002014	Faith	Or, grâces soient rendues à Dieu qui nous fait toujours triompher en Christ, et qui répand par nous l'odeur de sa connaissance en tous lieux.
62001005	Grace	Or, le message que nous avons reçu de lui, et que nous vous annonçons, c'est que Dieu est lumière, et qu'en lui il n'y a point de ténèbres.
43006037	Grace	Tout ce que le Père me donne viendra à moi, et je ne mettrai point dehors celui qui vient à moi.
58013001	Recommendation	Que l'amour fraternel demeure.
58007025	Grace	C'est pourquoi aussi il peut sauver parfaitement ceux qui s'approchent de Dieu par lui, étant toujours vivant pour intercéder en leur faveur.
43019015	Violence	Mais ils s'écrièrent: Ote-le, ôte-le, crucifie-le! Pilate leur dit: Crucifierai-je votre roi? Les principaux sacrificateurs répondirent: Nous n'avons point d'autre roi que César.
45011005	Grace	Il y en a donc aussi qui ont été réservés en ce temps, selon l'élection de la grâce.
66017002	Sin	Avec laquelle les rois de la terre ont commis fornication, et qui a enivré du vin de sa prostitution ceux qui habitent la terre.
45012010	Recommendation	Quant à l'amour fraternel, soyez pleins de tendresse les uns pour les autres. Quant à l'honneur, prévenez-vous les uns les autres.
45008014	Faith	Car tous ceux qui sont conduits par l'Esprit de Dieu, sont enfants de Dieu.
66012003	Description	Il parut aussi un autre signe dans le ciel: voici un grand dragon couleur de feu, ayant sept têtes et dix cornes, et sur ses têtes, sept diadèmes;
45008017	Faith	Et si nous sommes enfants, nous sommes aussi héritiers; héritiers de Dieu, et cohéritiers de Christ; si toutefois nous souffrons avec lui, afin que nous soyons aussi glorifiés avec lui.
54005017	Recommendation	Que les anciens qui gouvernent bien, soient jugés dignes d'un double honneur; principalement ceux qui travaillent à la prédication et à l'enseignement.
46008007	Sin	Mais tous n'ont pas cette connaissance; car quelques-uns, dans l'opinion qu'ils ont encore à présent de l'idole, mangent une chose comme sacrifiée à l'idole; et leur conscience étant faible, en est souillée.
43015002	Grace	Il retranche tout sarment en moi qui ne porte point de fruit; et il émonde tout sarment qui porte du fruit, afin qu'il porte encore plus de fruit.
60005003	Recommendation	Non comme ayant la domination sur les héritages du Seigneur, mais en étant les modèles du troupeau.
52004013	Recommendation	Or, mes frères, je ne veux pas que vous soyez dans l'ignorance au sujet des morts, afin que vous ne vous affligiez pas, comme les autres hommes qui n'ont point d'espérance.
58011029	Description	Par la foi, ils passèrent par la mer Rouge comme par un lieu sec; les Égyptiens ayant tenté le passage, furent submergés.
44007020	Description	En ce temps-là, naquit Moïse, qui était beau devant Dieu et qui fut nourri trois mois dans la maison de son père.
58005002	Grace	Il peut user de pitié envers ceux qui sont dans l'ignorance et dans l'erreur, puisque lui-même est environné de faiblesses.
45013012	Recommendation	La nuit est avancée, et le jour approche; dépouillons-nous donc des ouvres de ténèbres, et revêtons-nous des armes de lumière.
49006009	Recommendation	Et vous, maîtres, agissez de même envers eux, et laissez les menaces, sachant que vous avez, comme eux, un Maître dans le ciel, et que, devant lui, il n'y a point d'acception de personnes.
45012015	Recommendation	Réjouissez-vous avec ceux qui se réjouissent, et pleurez avec ceux qui pleurent.
45002005	Sin	Mais par ton endurcissement et ton cœur impénitent, tu t'amasses un trésor de colère pour le jour de la colère et de la manifestation du juste jugement de Dieu,
44014019	Violence	Alors, des Juifs survinrent d'Antioche et d'Iconium, qui gagnèrent le peuple, et qui, ayant lapidé Paul, le traînèrent hors de la ville, croyant qu'il était mort.
43013021	Description	Quand Jésus eut dit cela, il fut ému en son esprit, et il rendit ce témoignage: En vérité, en vérité je vous dis, que l'un de vous me trahira.
48003022	Faith	Mais l'Écriture a tout renfermé sous le péché, afin que la promesse fût donnée, par la foi en Jésus-Christ, à ceux qui croient.
66011007	Violence	Et quand ils auront accompli leur témoignage, la bête qui monte de l'abîme, leur fera la guerre, et les vaincra, et les tuera.
58003014	Faith	Car nous sommes devenus participants de Christ, pourvu que nous conservions ferme jusqu'à la fin notre première assurance,
45008010	Faith	Mais si Christ est en vous, le corps est bien mort à cause du péché, mais l'esprit est vivant à cause de la justice.
44007052	Sin	Quel est le prophète que vos pères n'aient pas persécuté? Ils ont tué ceux qui avaient prédit l'avènement du Juste, que vous avez livré maintenant, et dont vous avez été les meurtriers;
48005021	Sin	Les envies, les meurtres, les ivrogneries, les débauches, et les choses semblables. Je vous dis d'avance, comme je vous l'ai déjà dit, que ceux qui commettent de telles choses, n'hériteront point le royaume de Dieu.
43012036	Faith	Pendant que vous avez la lumière, croyez en la lumière, afin que vous soyez des enfants de lumière. Jésus dit ces choses, puis il s'en alla et se cacha d'eux.
58003002	Faith	Qui a été fidèle à celui qui l'a établi, comme Moïse aussi le fut dans toute sa maison.
56003006	Grace	Qu'il a répandu avec richesse sur nous, par Jésus-Christ notre Sauveur;
44004036	Description	Ainsi Joses, surnommé par les apôtres Barnabas, c'est-à-dire, fils de consolation, Lévite et originaire de Cypre,
48006009	Recommendation	Ne nous lassons point de faire le bien, car nous moissonnerons dans la saison convenable, si nous ne nous relâchons pas.
48002019	Faith	Car je suis mort à la loi par la loi même, afin de vivre pour Dieu.
66011001	Recommendation	Alors on me donna un roseau semblable à une verge; et l'ange se présenta, et dit: Lève-toi, et mesure le temple de Dieu, et l'autel, et ceux qui y adorent.
66014004	Description	Ce sont ceux qui ne se sont point souillés avec les femmes; car ils sont vierges. Ce sont ceux qui suivent l'Agneau, où qu'il aille. Ce sont ceux qui ont été rachetés d'entre les hommes, comme des prémices pour Dieu et pour l'Agneau;
66009007	Description	Ces sauterelles ressemblaient à des chevaux préparés pour le combat; il y avait sur leurs têtes comme des couronnes semblables à de l'or; et leurs visages étaient comme des visages d'hommes.
60002016	Recommendation	Comme étant libres, non pour vous servir de la liberté comme d'un voile pour la malice; mais comme des serviteurs de Dieu.
54004010	Faith	Nous endurons, en effet, tant de travaux et tant d'opprobres, parce que nous espérons au Dieu vivant, qui est le Sauveur de tous les hommes, principalement des fidèles.
58010029	Sin	De quel plus grand supplice pensez-vous que sera jugé digne celui qui foulera aux pieds le Fils de Dieu, et qui tiendra pour profane le sang de l'alliance, par lequel il avait été sanctifié, et qui outragera l'Esprit de la grâce?
43020021	Grace	Il leur dit de nouveau: La paix soit avec vous! Comme mon Père m'a envoyé, je vous envoie aussi.
65001016	Sin	Ce sont des gens qui murmurent, qui se plaignent toujours, qui marchent suivant leurs convoitises, dont la bouche profère des paroles d'orgueil, et qui, par intérêt, admirent les personnes d'apparence.
66006015	Description	Et les rois de la terre, les grands, les riches, les capitaines et les puissants, tout esclave et tout homme libre, se cachèrent dans les cavernes, et dans les rochers des montagnes;
66021008	Sin	Mais, pour les lâches, les incrédules, les abominables, les meurtriers, les fornicateurs, les empoisonneurs, les idolâtres, et tous les menteurs, leur part est dans l'étang ardent de feu et de soufre; ceci est la seconde mort.
44022016	Recommendation	Et maintenant, que tardes-tu? Lève-toi, sois baptisé et lavé de tes péchés, en invoquant le nom du Seigneur.
66009008	Description	Elles avaient des cheveux comme des cheveux de femmes, et leurs dents étaient comme des dents de lions.
55002024	Recommendation	Or, il ne faut pas que le serviteur du Seigneur aime à contester; mais il doit être doux envers tous, propre à enseigner, patient;
51002005	Faith	Car, si je suis absent de corps, je suis pourtant avec vous en esprit, me réjouissant de voir parmi vous le bon ordre, et la fermeté de votre foi en Christ.
60003012	Sin	Car les yeux du Seigneur sont sur les justes, et ses oreilles sont attentives à leur prière; mais la face du Seigneur est contre ceux qui font le mal.
53002013	Faith	Mais pour nous, frères bien-aimés du Seigneur, nous devons rendre de continuelles actions de grâces à Dieu à cause de vous, de ce qu'il vous a choisis, dès le commencement, pour le salut, dans la sanctification de l'Esprit, et dans la foi en la vérité;
66022011	Recommendation	Que celui qui est injuste, soit encore injuste; que celui qui est souillé, se souille encore; que celui qui est juste, devienne plus juste encore; et que celui qui est saint, se sanctifie encore davantage.
44002038	Faith	Et Pierre leur dit: Repentez-vous, et que chacun de vous soit baptisé au nom de Jésus-Christ, pour la rémission de ses péchés; et vous recevrez le don du Saint-Esprit.
52005015	Recommendation	Prenez garde que nul ne rende à personne le mal pour le mal; mais poursuivez toujours le bien, soit entre vous, soit envers tous.
45001027	Sin	De même aussi, les hommes, laissant l'usage naturel de la femme, ont été embrasés dans leur convoitise les uns pour les autres, commettant homme avec homme des choses infâmes, et recevant en eux-mêmes la récompense qui était due à leur égarement.
50002018	Recommendation	Vous aussi de même, ayez de la joie, et vous réjouissez avec moi.
44003019	Recommendation	Repentez-vous donc et vous convertissez, afin que vos péchés soient effacés,
66021025	Description	Ses portes ne se fermeront point chaque jour, car il n'y aura point de nuit.
43006054	Faith	Celui qui mange ma chair et qui boit mon sang, a la vie éternelle; et je le ressusciterai au dernier jour.
43019011	Sin	Jésus lui répondit: Tu n'aurais aucun pouvoir sur moi, s'il ne t'avait été donné d'en haut; c'est pourquoi celui qui m'a livré à toi est coupable d'un plus grand péché.
59002017	Faith	Il en est de même de la foi, si elle n'a pas les œuvres, elle est morte en elle-même.
45008003	Sin	Car ce qui était impossible à la loi, parce qu'elle était affaiblie par la chair, Dieu l'a fait: envoyant son propre Fils dans une chair semblable à celle du péché; et pour le péché, il a condamné le péché dans la chair;
60003014	Recommendation	Mais quand même vous souffririez pour la justice, vous seriez heureux. Ne craignez donc point ce qu'ils veulent vous faire craindre, et ne soyez point troublés;
51003021	Recommendation	Pères, n'irritez point vos enfants, de peur qu'ils ne perdent courage.
66018002	Sin	Et il cria avec force et à grande voix, et dit: Elle est tombée, elle est tombée, Babylone la grande, et elle est devenue la demeure des démons, et le repaire de tout esprit immonde, et le repaire de tout oiseau immonde et horrible.
62002022	Sin	Qui est menteur, si ce n'est celui qui nie que Jésus est le Christ? Celui-là est l'antichrist, qui nie le Père et le Fils.
46011027	Sin	C'est pourquoi, quiconque mangera de ce pain, ou boira de la coupe du Seigneur indignement, sera coupable envers le corps et le sang du Seigneur.
59002020	Faith	Mais, ô homme vain! veux-tu savoir que la foi sans les œuvres, est morte?
43018003	Description	Judas ayant donc pris la cohorte et les sergents des principaux sacrificateurs et des pharisiens, vint là avec des lanternes, des flambeaux et des armes.
53003003	Grace	Le Seigneur est fidèle, qui vous affermira et vous préservera du malin.
44007021	Description	Ensuite, ayant été exposé, la fille de Pharaon le recueillit, et le fit élever comme son fils.
66008005	Description	Ensuite, l'ange prit l'encensoir et le remplit du feu de l'autel, et le jeta sur la terre; et il y eut des voix, des tonnerres, des éclairs, et un tremblement de terre.
66018003	Sin	Car toutes les nations ont bu du vin de la fureur de sa fornication, et les rois de la terre se sont prostitués avec elle; et les marchands de la terre se sont enrichis de l'abondance de son luxe.
44026021	Violence	C'est pour cela que les Juifs, m'ayant pris dans le temple, ont cherché à me tuer.
55004004	Sin	Et fermeront l'oreille à la vérité, et se tourneront vers des fables.
43006064	Faith	Mais il y en a parmi vous qui ne croient point. Car Jésus savait dès le commencement qui étaient ceux qui ne croyaient pas, et qui était celui qui le trahirait.
43013026	Description	Jésus répondit: C'est celui à qui je donnerai un morceau trempé. Et ayant trempé un morceau, il le donna à Judas l'Iscariote, fils de Simon.
54006020	Recommendation	O Timothée! garde le dépôt, fuyant les discours vains et profanes, et les disputes d'une science faussement ainsi nommée;
44017005	Violence	Mais les Juifs incrédules, émus d'envie, prirent avec eux quelques mauvais sujets sur les places publiques; et ayant excité un tumulte, ils troublèrent la ville, et se portant vers la maison de Jason, ils cherchaient Paul et Silas, pour les mener devant le peuple.
62005016	Sin	Si quelqu'un voit son frère pécher d'un péché qui ne mène point à la mort, il priera, et Dieu lui accordera la vie de ceux qui ne commettent pas un péché qui mène à la mort. Il est un péché qui mène à la mort; je ne dis pas de prier pour ce péché-là.
43013020	Faith	En vérité, en vérité je vous le dis: Celui qui reçoit celui que j'aurai envoyé, me reçoit; et celui qui me reçoit, reçoit celui qui m'a envoyé.
58012028	Faith	C'est pourquoi, saisissant le royaume inébranlable, conservons la grâce, afin que par elle nous rendions notre culte à Dieu d'une manière qui lui soit agréable, avec respect et crainte;
44019013	Description	Alors quelques-uns des exorcistes juifs, qui couraient de lieu en lieu, essayèrent d'invoquer le nom du Seigneur Jésus sur ceux qui étaient possédés des esprits malins, en disant: Nous vous conjurons par Jésus, que Paul prêche.
44015040	Grace	Mais Paul, ayant choisi Silas, partit après avoir été recommandé à la grâce de Dieu par les frères;
63001008	Recommendation	Prenez garde à vous, afin que nous ne perdions pas le fruit de notre travail, mais que nous en recevions une pleine récompense.
66011006	Violence	Ils ont le pouvoir de fermer le ciel, afin qu'il ne pleuve point, pendant qu'ils prophétiseront; ils ont aussi le pouvoir de changer les eaux en sang, et de frapper la terre de toute sorte de plaies, toutes les fois qu'ils le voudront.
44008021	Sin	Il n'y a pour toi ni part, ni lot en cette affaire; car ton cœur n'est pas droit devant Dieu.
43017010	Faith	Et tout ce qui est à moi, est à toi, et ce qui est à toi, est à moi, et je suis glorifié en eux.
45003012	Sin	Tous se sont égarés, et se sont tous ensemble corrompus; il n'y en a point qui fasse le bien, non pas même un seul.
50002003	Recommendation	Ne faites rien par contestation, ni par vaine gloire; mais que chacun de vous regarde les autres, par humilité, comme plus excellents que lui-même.
66001013	Description	Et, au milieu des sept chandeliers quelqu'un de semblable au Fils de l'homme, vêtu d'une longue robe, et ceint sur la poitrine d'une ceinture d'or.
66022003	Faith	Il n'y aura plus aucun anathème; et le trône de Dieu et de l'Agneau sera en elle, et ses serviteurs le serviront.
60004007	Recommendation	Au reste, la fin de toutes choses approche; soyez donc sobres et vigilants dans les prières.
44014026	Grace	Et de là ils s'embarquèrent pour Antioche, où ils avaient été recommandés à la grâce de Dieu, pour l'ouvre qu'ils avaient accomplie.
46007028	Recommendation	Que si tu te maries, tu ne pèches pas; et si la vierge se marie, elle ne pèche pas non plus; mais ces personnes auront des afflictions dans la chair; et je voudrais vous les épargner.
49006012	Sin	Car ce n'est pas contre la chair et le sang que nous avons à combattre, mais contre les principautés, contre les puissances, contre les princes des ténèbres de ce siècle, contre les puissances spirituelles de la méchanceté dans les lieux célestes.
59001005	Recommendation	Et si quelqu'un de vous manque de sagesse, qu'il la demande à Dieu, qui donne à tous libéralement, sans reproche, et elle lui sera donnée.
52005019	Recommendation	N'éteignez point l'Esprit.
58009002	Description	En effet, on construisit le premier tabernacle, dans lequel était le chandelier, la table, et les pains de proposition; et il était appelé le lieu saint.
66003018	Recommendation	Je te conseille d'acheter de moi de l'or éprouvé par le feu, pour devenir riche; et des vêtements blancs, pour être vêtu, et que la honte de ta nudité ne paraisse point, et un collyre pour oindre tes yeux, afin que tu voies.
62005013	Faith	Je vous ai écrit ces choses, à vous qui croyez au nom du Fils de Dieu, afin que vous sachiez que vous avez la vie éternelle, et afin que vous croyiez au nom du Fils de Dieu.
43007018	Faith	Celui qui parle de son chef cherche sa propre gloire; mais celui qui cherche la gloire de celui qui l'a envoyé, est digne de foi, et il n'y a point d'injustice en lui.
47004007	Grace	Or, nous avons ce trésor dans des vases de terre, afin que l'excellence de la puissance soit attribuée à Dieu, et non pas à nous.
45012019	Recommendation	Ne vous vengez point vous-mêmes, bien-aimés, mais laissez faire la colère divine; car il est écrit: A moi la vengeance; c'est moi qui rétribuerai, dit le Seigneur.
43008054	Faith	Jésus répondit: Si je me glorifie moi-même, ma gloire n'est rien; c'est mon Père qui me glorifie, lui, dont vous dites qu'il est votre Dieu.
45014020	Recommendation	Ne détruis point l'ouvre de Dieu pour un aliment. Il est vrai que toutes choses sont pures, mais il y a du péché pour celui qui donne du scandale en mangeant.
43019040	Description	Ils prirent donc le corps de Jésus, et l'enveloppèrent de bandes, avec les aromates, comme les Juifs ont coutume d'ensevelir.
58010034	Faith	Car vous avez aussi compati à mes liens, et vous avez accueilli avec joie l'enlèvement de vos biens, sachant que vous avez pour vous dans les cieux des biens plus excellents, et qui sont permanents.
44013023	Grace	C'est de sa postérité que Dieu, selon sa promesse, a suscité Jésus, le Sauveur d'Israël.
46002009	Faith	Mais, comme il est écrit, ce sont des choses que l'œil n'avait point vues, que l'oreille n'avait point entendues, et qui n'étaient point montées au cœur de l'homme, que Dieu avait préparées pour ceux qui l'aiment.
45008011	Grace	Et si l'Esprit de celui qui a ressuscité Jésus des morts, habite en vous, celui qui a ressuscité Christ d'entre les morts rendra aussi la vie à vos corps mortels, par son Esprit qui habite en vous.
45008016	Faith	Car l'Esprit lui-même rend témoignage à notre esprit, que nous sommes enfants de Dieu.
48006007	Recommendation	Ne vous abusez point; on ne se joue point de Dieu; car ce que l'homme aura semé, il le moissonnera aussi.
45011022	Grace	Considère donc la bonté et la sévérité de Dieu; sa sévérité à l'égard de ceux qui sont tombés, mais sa bonté envers toi, si tu persévères dans cette bonté; autrement, toi aussi tu seras retranché.
59005007	Recommendation	Frères, attendez donc patiemment jusqu'à l'avènement du Seigneur. Voici, le laboureur attend avec patience le précieux fruit de la terre, jusqu'à ce qu'il ait reçu la pluie de la première et de la dernière saison.
55001016	Grace	Le Seigneur fasse miséricorde à la famille d'Onésiphore; car il m'a souvent consolé, et il n'a point eu honte de mes chaînes.
62002028	Faith	Maintenant donc, petits enfants, demeurez en lui, afin que, quand il paraîtra, nous ayons de la confiance et que nous ne soyons pas confus devant lui à son avènement.
48005016	Recommendation	Je dis donc: Marchez selon l'Esprit, et n'accomplissez point les désirs de la chair.
54001015	Grace	Cette parole est certaine et digne de toute confiance; c'est que Jésus-Christ est venu au monde pour sauver les pécheurs, dont je suis le premier.
49006010	Faith	Au reste, mes frères, fortifiez-vous dans le Seigneur, et par sa force toute puissante.
46010012	Recommendation	C'est pourquoi, que celui qui croit être debout, prenne garde qu'il ne tombe.
58010014	Grace	Car, par une seule oblation il a rendu parfaits pour toujours ceux qui sont sanctifiés.
43010031	Violence	Alors les Juifs prirent de nouveau des pierres pour le lapider.
46011003	Description	Mais je veux que vous sachiez que Christ est le Chef de tout homme, et que l'homme est le chef de la femme, et que Dieu est le chef de Christ.
58011036	Violence	D'autres passèrent par l'épreuve des moqueries et des verges; et même des liens et de la prison:
58006019	Faith	Espérance que nous gardons comme une ancre de l'âme, sûre et ferme, et qui pénètre au-dedans du voile,
49005011	Recommendation	Et ne prenez aucune part aux œuvres infructueuses des ténèbres, mais bien plutôt condamnez-les.
59004011	Recommendation	Frères, ne médisez point les uns des autres. Celui qui médit d'un frère, et qui condamne son frère, médit de la loi, et juge la loi. Or, si tu juges la loi, tu n'es point observateur, mais juge de la loi.
66021021	Description	Les douze portes étaient douze perles; chaque porte était d'une seule perle, et la place de la ville était d'un or pur semblable à du verre transparent.
58003006	Faith	Mais Christ, comme Fils, est établi sur sa maison; nous sommes sa maison, pourvu que nous conservions jusqu'à la fin la ferme confiance et l'espérance dont nous nous glorifions.
45012009	Recommendation	Que la charité soit sans hypocrisie. Ayez le mal en horreur, attachez-vous fortement au bien.
66011013	Violence	A cette même heure il se fit un grand tremblement de terre; et la dixième partie de la ville tomba, et sept mille hommes furent tués par le tremblement de terre, et les autres furent effrayés et donnèrent gloire au Dieu du ciel.
48003020	Description	Or, le médiateur n'est pas d'un seul, mais Dieu est un seul.
43019010	Description	Alors Pilate lui dit: Tu ne me dis rien? Ne sais-tu pas que j'ai le pouvoir de te faire crucifier, et le pouvoir de te délivrer?
44008032	Description	Or, le passage de l'Écriture qu'il lisait, était celui-ci: Il a été mené à la tuerie comme une brebis; et comme un agneau, muet devant celui qui le tond, il n'a pas ouvert la bouche.
44013021	Description	Ensuite ils demandèrent un roi, et Dieu leur donna Saül, fils de Kis, de la tribu de Benjamin, pendant quarante ans.
56001010	Sin	Il y a, en effet, principalement parmi ceux de la circoncision, beaucoup de gens indisciplinés, de vains discoureurs et d'imposteurs, auxquels il faut fermer la bouche;
44010012	Description	Dans lequel il y avait tous les quadrupèdes de la terre, et les bêtes sauvages, et les reptiles, et les oiseaux du ciel.
43017022	Grace	Je leur ai donné la gloire que tu m'as donnée, afin qu'ils soient un, comme nous sommes un,
55001013	Faith	Retiens dans la foi, et dans la charité qui est en Jésus-Christ, le modèle des saines instructions que tu as entendues de moi.
43002006	Description	Or, il y avait là six vaisseaux de pierre, placés pour la purification des Juifs, et contenant chacun deux ou trois mesures.
46015034	Recommendation	Sortez de votre ivresse, pour vivre justement, et ne péchez point; car quelques-uns sont sans la connaissance de Dieu; je le dis à votre honte.
49004002	Recommendation	En toute humilité et douceur, avec un esprit patient, vous supportant les uns les autres avec charité;
65001023	Recommendation	Les arrachant du feu, haïssant jusqu'au vêtement souillé par la chair.
45008028	Grace	Or, nous savons aussi que toutes choses concourent au bien de ceux qui aiment Dieu, de ceux qui sont appelés, selon son dessein.
45016019	Recommendation	Votre obéissance est connue de tous; je m'en réjouis donc à cause de vous, et je souhaite que vous soyez sages à l'égard du bien, et purs à l'égard du mal.
58009004	Description	Ayant un encensoir d'or, et l'arche de l'alliance, toute recouverte d'or, où était une urne d'or, contenant la manne, la verge d'Aaron, qui avait fleuri, et les tables de l'alliance.
45003027	Faith	Où est donc le sujet de se glorifier? Il est exclu. Par quelle loi? Par la loi des ouvres? Non, mais par la loi de la foi.
43014010	Faith	Ne crois-tu pas que je suis dans le Père, et que le Père est en moi? Les paroles que je vous dis, je ne les dis pas de moi-même, mais le Père qui demeure en moi, fait lui-même les ouvres que je fais.
44016022	Violence	Alors la foule se souleva contre eux, et les préteurs, ayant fait déchirer leurs vêtements, ordonnèrent qu'ils fussent battus de verges.
43013034	Recommendation	Je vous donne un commandement nouveau; c'est que vous vous aimiez les uns les autres; que, comme je vous ai aimés, vous vous aimiez aussi les uns les autres.
47005001	Grace	Nous savons, en effet, que si cette tente, notre demeure terrestre, est détruite, nous avons dans les cieux un édifice qui est de Dieu, une maison éternelle, qui n'est point faite de main d'homme.
43012044	Faith	Or, Jésus s'écria et dit: Celui qui croit en moi, ne croit pas en moi, mais en celui qui m'a envoyé.
44009013	Description	Mais Ananias répondit: Seigneur, j'ai appris de plusieurs combien cet homme a fait de mal à tes Saints à Jérusalem.
55003002	Sin	Car les hommes seront épris d'eux-mêmes, aimant l'argent, vains, orgueilleux, médisants, rebelles à pères et à mères, ingrats, impies,
45005009	Grace	Étant donc maintenant justifiés par son sang, à plus forte raison serons-nous sauvés par lui de la colère de Dieu.
45014014	Sin	Je sais, et je suis persuadé par le Seigneur Jésus, qu'il n'y a rien de souillé en soi; néanmoins celui qui croit qu'une chose est souillée, elle est souillée pour lui.
54004006	Faith	Si tu représentes ces choses aux frères, tu seras un bon ministre de Jésus-Christ, nourri des paroles de la foi et de la bonne doctrine que tu as exactement suivie.
