text,actual_category,predicted_category,confidence
"موتاسي متامه جنيس ݢينيتيك بارو, ڠن سيليكسي ڤݢادوه نيبك جنيس مساڤت ڽڠ ڽات.",science/technology,travel,0.22049082815647125
بوم فيسي جي كرجا ماصل بك ڤرينسيڤ بهوا جي ڤرلو ككواتن ك ڤساڤت اينتي دڠن ڤروتون ڠن نيوترون.,science/technology,science/technology,0.4598050117492676
اينتي اتوم ڽن ناكه نيبك دوا بوه ڤارتيكل نيوترون ڠن ڤروتون.,science/technology,science/technology,0.5526789426803589
ڽي ڽڠ ڤموڠكين ݢاچ لينسا زووم ك جي ڤحاصيل ݢمبر ڽڠ ݢج جيه ڽن سبنديڠ دڠن ݢاچ لينسا دڠن فؤكوس جؤه ڽڠ تتڤ.,science/technology,travel,0.34371116757392883
"اوق ڽن لبيه ماجو ك ڤروكسي ويب سبب ڤادوم بوه السن: اوق ڽن ݢ-سيت مندوم لالو لينتس اينتيرنيت, كن ه ت ت ڤ ساݢل.",science/technology,entertainment,0.25884291529655457
بنتوق ڽڠ اينتراكتيف ڽن ڤرلو ك ݢتا تابوه يوم لوم سيݢر تك ڤراسڠكا درينه ك ڤنا مديا ڠن نمروني ك ن ڤيكير لم سابوه چارا ڽڠ هنا سابن.,science/technology,travel,0.4782215654850006
"ڽي جد ݢڤبوت لڠسوڠ لى اورڠ رامي, تاڤيه بسي واب لبيه باݢه تي رودا كايو ݢروبك.",science/technology,travel,0.3683229982852936
"ڤرايدس مچاكوڤ سابوه سمڤي تلو جنتن باليغ ڽڠ مكاويت, دڠن تلو ڤلوه بتينا ڠن انقجيه.",science/technology,travel,0.44312700629234314
"ادتڤيه ا اي ڽن نا ا اي ڽڠ كوڠ لم علمو ساينس حايل, ا اي ڽن جيڤدوڠ سابوه چابڠ لم علمو ساينس كومڤوتر, ڽڠ مهوبوڠ ڠڽ ڤكاتن, مروني ڠڽ چاروڠ جيه سابوه مسين لم ادڤتاسي.",science/technology,travel,0.276321142911911
اسڤيك راسيو لم اوكور ڽي (ڽڠ جيباهݢي لم دوا بله ك تاتمو دوم-نومبور راسيو ڽڠ ڤاليڠ بيئسا) ناكه دكهن ٣:٢.,science/technology,travel,0.3433377146720886
"سابوه تيليڤون ساتليت عموم جيه كن سابوه ݢلنتر ك تيليڤون سيلولير, ݢتا سواه نا د لوار دڠن ڤنداڠن ڽڠ تراڠ ماڠت جد ڤݢج سابوه ڤڠݢيلن تيليڤون.",science/technology,travel,0.45632362365722656
"ادت ڤيه جالن ݢريتن اڤوى جيڤݢج نيبك ڤاڤن كايو ڽڠ مسمبوڠ, اوق ڽن جيبري ايدين ك ݢودا تاريك اوق ڽن نك باݢه تروء ڽڠ لبيه رايق ڠڽ تاريك ببن ڽڠ لبيه رايق نيبك رج اوه ڽڠ باچوت ݢاسر بك اوري ڽن.",science/technology,travel,0.23270632326602936
"اورڠ كا جي تڤوى تتڠ ڤونچا ذات-ذات كيميا لاݢو مس, ڤيرق, ڠن تماݢ داري جامن ديلو, ڽڠ ڽي جد د تمو بك عالم لم بنتوق اصل جيه ڠن بيئسا جيه ماڠت ݢكوه دڠن ڤركاكس-ڤركاكس ڤريميف.",science/technology,geography,0.3018132746219635
رودا ك ݢڤاوبه دونيا دڠن چار ڽڠ هاير تهت. حل ڤاليڠ رايق ڽڠ كا ݢڤبوت رودا ك ݢتاڽي ناكه بري ك ݢتاڽي ترانسڤورتاسي ڽڠ لبيه ماڠت ڠن لبيه باݢه.,science/technology,travel,0.4928297996520996
حل ڽي د ڤݢج ك ڤڤستي بهوا ݢمبر ݢتوڤ بن مندوم لاير. ڽن ݢسبوت اوفير سكين.,science/technology,travel,0.44958439469337463
كاڤل نوم اورڠ جرمان ننجيه او-بوتس. اورڠ جرمان جروه تهه بك جيمى راكن بك جيڠوى كاڤل نوم اوق ڽن.,science/technology,geography,0.4585359990596771
"ادتڤيه صيفت بنتوق جيه جد مݢنتي, صيفت كيميا جيه تتڤ سابن.",science/technology,entertainment,0.23088815808296204
تݢاڠن ڤرموكاءن نا سابب موليكول اير د ڤرموكاءن اير لبيه متاريك سابي كدري٢جيه نيبك موليكول اودارا د اتس جيه.,science/technology,travel,0.4519491493701935
ساله سابوه مسئله ڽڠ ڤاليڠ عموم عوه واتو چوبا اوبه فيلم او فورمت د في د ناكه ڤمينداين برلبيه اتوا اوفير سكين.,science/technology,entertainment,0.3822122812271118
سچارا خاص، جيچڤ بهواسجيه سيدري اورڠ جد جيتڤور ڤوى كه سيدري اورڠ مسوليت دڠن ݢتكسير ايكسڤرىسي ميكرو دڠن بتول.,science/technology,travel,0.2659774422645569
موه جوت ݢأوله جوت کى بندوم ماچم روڤا. موه جوت ݢݢولوڠ جوت کى روڤا ڽڠ اوبيت.,science/technology,travel,0.3795091211795807
"سيستم ا اي ڽي جيني قايم جيڠوى لم بيدڠ ايكونومي, اوبت, مسين ڠن ميليتر, لاݢو ڽڠ كا د ڤݢج لى لادوم كومڤوتر رومه ڠن اڤليكاسي سوفت وير فيديو ك معين.",science/technology,science/technology,0.5358984470367432
"ڽي منتوڠ دڤنا سمي عوه نو هت, تاڤي ڽڠ لبيه ڤنتيڠ اسڤيك راسيو جيه ڽڠ كا د ڤواريس لم اوكور سينسور ݢمبر نيبك كاميرا ديݢيتل.",science/technology,sports,0.26890620589256287
حكوم كتلو ڽڠ ڤاليڠ جل د ڤرلوه ڠن ڽڠ ڤاليڠ جل دكهن ك بروق ناكه سابوه ڤتوڽوق ڽڠ بيئسا ك ڤنا ڤراوبهن عوه واتو ڤتتڤ اوكور ڽڠ مجالين لم سابوه ݢمبر.,science/technology,travel,0.275319367647171
ڽو کوه ݢتنتى بهوا ناکوه لادوم دينوساوروس نا بولى، بوهسابوه تيوري ڽڠ کا مشوهو، تتڤجيه عمومجيه هان جوت ݢبري رينچيان، لاݢى ورناِ ڠون سوسونن لهى ديمينسي.,science/technology,travel,0.33166685700416565
"ڤاكريبن كه ݢرافيتاسي بومي لا دتاريق لن؟ مڠڽو درينه ندوڠ اتس لا, ݢهن درينه جد كڤهوى نيبك بومي.",science/technology,health,0.4383365511894226
نيک‌س‌تݢين ناکوه سيستم ڽڠ ݢکلايم ايف.اي.اي. اکن ݢڤموڠکن کاڤاي تربڠ کى تربڠ روتى ڽڠ لوبيه ڤانق ڠن هيمت مجوتا ݢالون باهن باکر تيڤ تهون ڠن ڤکورڠ ايميسي کربون.,science/technology,travel,0.31103476881980896
دتا علمو سارف بيولوݢي ڽن ݢڤنا بوقتي ڽڠ ڽات ك چارا سابوه تيوري ك ݢكالن واسيل. ڽنكه ڽي د ڤاوبيت ولايه ك ݢمستج ڠن ڽي جد ك لبيه تڤت.,science/technology,travel,0.35393911600112915
"نا مدوا ٢ جم چرامهجيه، ݢوبڽن ݢخن بهوا ""اورو ڽو اڤيل کا ݢتومى لوم تليڤون، کامو نق ڤݢوت سجاره اورو ڽو.""",science/technology,travel,0.5310028195381165
ڽڠ كورڠ ݢج نيبك ݢاچ لينسا زووم ڽن ناكه بهواسجيه فوكوس ڽڠ ڤايه ڠن نومبور نيبك بكل ݢاچ لينسا ڽن ڤرلو ك بتروه او سابوه تيتيق جؤه فؤكوس ڽڠ لبيه رايق نيبك ݢاچ لينسا ڽڠ ڤهون.,science/technology,travel,0.3743073642253876
موهي دڠن ريموت تيليۏيسي⹁ کونترول جيڠوي دوا بوه سينسور ڽڠ ݢدوق دي تو تيليۏيسي اورڠ ڠوي کى ݢڤسيڤت ڤوسيسيجيه لام رواڠ لهى ديمنسي.,science/technology,travel,0.3099481165409088
اوق علمون خن بولى هيوان ڽو مورنا چوکلت کاستاڽى بق باݢين اتوه ڠون باݢين يوڤ مورنا ڤوچت اتاو مورنا کاروتينويد.,science/technology,travel,0.29074057936668396
بندوا سڽاووڠ ثن مرياکيس سابوه ڠن ڽڠ لاءين کى ݢڤݢوت کريستل ڽڠ جوت ݢڤلينتوڠ کرجا ݢينجل⹁ ݢخن لى اوق ڤنليتي دي يونيۏرسيتس ثن.,science/technology,travel,0.34509459137916565
ڽي جد جيبري ريسولوسي كا رب ڤت كالي ليڤت ڽڠ ٣٥ مم نيݢاتيف (٣١٣٦ مم٢ صيرسوس ٨٦٤).,science/technology,travel,0.46699610352516174
"بركت لينك كاوات اوڤتيك د ميوب لاؤة او ايروڤا ڠن ساتليت برودباند, ݢريينلاند كا مسمبوڠ ڠن ٩٣% ڤوڤولاسي نا ݢاكسيس اينتيرنيت.",science/technology,travel,0.6441010236740112
"ساله سابوه اڤليكاسي ڤاليڠ ده دالم كنيرا ڽي ناكه ݢووݢلى ترانسلاتى, ڽڠ مونݢكين ڤنرجماهن اونلينى تلس چوك كبه داتا بهسا ڽڠ ڤرلو.",science/technology,travel,0.4651166796684265
"ڽن نا سوسونن موليكول ڽڠ سابن ڤوى كه ڽن سابوه ݢس, چاير, اتوا كرس.",science/technology,travel,0.2817484438419342
"ڤنڠوى ركامن فيديو جد محاصيل سي ڽڠ تمو ڤنتيڠ لم اينترڤريتاسي ايكسڤريسي ميكرو, ݢراق موكا ڽڠ مݢراق ڤادوم ميلي دتيك.",science/technology,entertainment,0.32671335339546204
اورڠ٠اورڠ كا ݢڤݢج ڠن ݢڤݢونا لينسا ك تاڤرايق نيبك تريب متيبو-ريبو تهون.,science/technology,travel,0.5222815871238708
"كن ڽن ساݢل, ايكسڤيريمن ناكه سابوه اوجي چوبا دڠوى ك ڤݢادوس سابوه اتوا لبيه ڽڠ موڠكين, ݢتماڽڠ ڠن ݢڤݢج ڤڠامتن چيت ݢڤمهو ڤنليتين عالمي.",science/technology,travel,0.43374207615852356
"اخيرجيه, رودا كايو جيݢنتي دڠن رودا بسي. بك تهون ١٧٦٧, رين بسي ڤهون جيڤتوري.",science/technology,travel,0.40389135479927063
"سمنتارا سباݢي لر كرتو ݢج ك تيلوڤون دمهو, ڤادوم بوه سڤيسياليس دالم د جوق يوم ڤڠݢيلن ك كلومڤوك نڠݢري متنتو.",science/technology,health,0.4584062099456787
جل تيليسكوڤ ڤنىليتي موديرن ڽن كه تمڤت ڽڠ رايق بك داءيره٢ دڠن كادءن چواچ ڽڠ ݢج.,science/technology,travel,0.37776222825050354
جاروم باجا ماڤوڠ د اتس اير سابب تݢاڠن ڤرموكاءن.,science/technology,travel,0.5463337302207947
"اوكور ٣٥ م م ڽن سبتول جيه, ڽڠ مومڠ جيه, ٣٦ م م لم ڤاڽڠ مسمڤيڠ ڠن ٢٤ م م ماڽڠ.",science/technology,sports,0.402601957321167
"سيل ماصل تهت ڠن ڤنتيڠ ك مروني نيبك هوديڤ, سبتول جيه, اوق ڽن قايم جيڤݢه سباݢي "" دابس ڤڽوسون هوديڤ"".",science/technology,travel,0.44365394115448
ڤڽديا VPN ڤريبادي ( فيرتوال ڤريفات نيتورك) ناكه چارا لبيه ݢج ݢهيندر مندوا سينسور ڤوليتيك ڠن ݢساريڠ ا ڤ كوميرسيال.,science/technology,travel,0.2677377760410309
ستاسيون ݢڤتهين تمڤتجيه⹁ باهڤيه ݢدوه ݢيروسکوڤ سيݢوهلومجيه لام ميسي لوا اڠکاس⹁ سمڤو اخى ڤرجالنن لوا اڠکاس‌‌.,science/technology,sports,0.2999197840690613
"اورڠ دڠن تيڤى ڤميكيرن ڽي ڤو ڤميكيرن ڽڠ لوݢيس, سڠݢوڤ ݢايڠت ڤولا, ڤسلسي مسئاله ڠن ڤبوت تيس علميه.",science/technology,science/technology,0.23606868088245392
"اوچيلوت ݢالق ڤاجوه ملاتڠ اوبيت. اوچيلوت اكن ݢدروب سيبن, اولر, تيكوس ڠن چيچم مڠڽو جيجد. رب مندوم ملاتڠ ڽڠ ݢڤچروق اچيلوت جؤه لبيه اوبيت نيبك جيه.",science/technology,travel,0.5070282816886902
"ڤادوم بوه كاميرا دڠن فورمت تڠوه جيڤاكي فيرمت ٦x٦ چ م, لبيه تڤت جيه ٥٦x٥٦ م م نيݢاتيف.",science/technology,sports,0.4569377303123474
اورڠ جك تماشا سيب برت ݢبري نصحت بتݢوه تهت مريسيكو چواچ هنا ݢج ڽڠ مڤڠاروه تمڤت اوق ڽن كرن جد ك مڤڠاروه دوم ڤوى ڤرجالنن.,travel,travel,0.40711379051208496
"موتو بس دبوڠكر ستاسيون موتو بس داءيره (مكوه كروڠ) سيڤڽڠ اوري, ادت قايم جيه, خصوص جيه ڽڠ مجك او تيمور ڠن جاكار/بومتهاڠ جي ڤهه انتارا ڤوه ٦:٣٠ ڠن ڤوه ٧:٣٠.",travel,travel,0.26313912868499756
اترا دوا ڽن جد كه سباݢي ڤكاكه ك ڤأمن اورڠ ڽڠ ايك ݢودا تاڤي جد چيت ك مڤالي كرن موڠكين ݢاكي اورڠ ڽڠ ايك ݢودا جد مسڠكوت لم اترا دوا ڽن.,travel,travel,0.2906940281391144
لي دري كڤل٢ ڤسيار ميواه بلتيق كرويس د ڤييوه دالم واتو ڽڠ تريب د St. Petersburg روسسيا.,travel,travel,0.6468613147735596
"سارن ڽن اسومسي جيه اورڠ مجك٢ هنا ݢچمچور , ڤلڠݢارن, نا ڤرتيسيڤاسي لم ڤكن ايلݢل, اورڠ لاكو٢, اتوا ايكسڤلويتاسي اورڠ لائين ك اونتوڠ دري.",travel,travel,0.3442111015319824
نا تلو هل ڽڠ ڤرلو ڤتيمڠ سيݢوهلوم ڠن واتو ݢتا جك بك سابوه تمڤت.,travel,travel,0.47486603260040283
"بك چوت اوري ڽڠ سؤم, ڤجلاجه متمو راس فاتامورݢانا ڽڠ جيبري بياڠن اير(اتوا هل ڽڠ لاءين).",travel,travel,0.42683765292167664
"كلوارݢا دڠن انق ميت جارڠ نا, تاڤي ڤادوم بوه بيليك نا ڽڠ جيبري يدين اوق ڽن بك كامر ڤريبادي.",travel,travel,0.5066432952880859
"مثل جيه تاجك كالن كاستيل د ڤنتون لويرى, ڤنتون رهينى, اتوا ايك جالو بن سابوه كانل ايريى.",travel,travel,0.4432685375213623
ڽن جد لبيه ݢج تا ڠوي اݢين ڽڠ قايم ڤسن ڤرجالنن سابن ڠن ݢتا.,travel,travel,0.4187488853931427
كوچهسورفيڠ جيتمو بك بولن جانواري ٢٠٠٤ تلس ڤڤروݢرام كومڤوتر كاسيفينتون جي تمو ڤنڤر موره او ايسلاند تاڤي هنا تمڤت ڤيوه.,travel,travel,0.4811560809612274
ۏيسا ڤلاجر عموم جيه د جوك شرط مبيدا ڠن ڤروسيدور اڤليكاسي داري ۏيسا اورڠ اسيڠ نورمل اتوا ۏيسا اورڠ كرجا.,travel,travel,0.3408719003200531
تيڤ نڠݢري سيت نا قانون چده لاݢينا ڤدابس ڽڠ مكارت ڽڠ نا لم موتو.,travel,health,0.24653540551662445
"ادت ڤيه لا اݢينسي اكن ݢچوق لبيه سريڠ ڤسانن تراتور, لي اݢين خصوص بك ڤرجالنن, كيسارن ڤڠ اتوا توجوان.",travel,travel,0.32989421486854553
اورڠ ڽڠ جك كونجوڠ ڽن موڠكين مرومڤک ڠن بيناتڠ هام ڽڠ اوق ڽن هنا دتوري لوم بك داءيره اصل اوق ڽن.,travel,travel,0.37932196259498596
"نا سيت او باروه جك ساور تمڤت سوچي اورڠ اينوڠ فاتيما (كوءيل), دس تاكالن ماريه ڽڠ مشهور بن سيݢوم دونيا.",travel,travel,0.36496126651763916
درينه جد نڠوى بودا بودا (هوندا سيوا) ك ويت ويت ليڠكر ݢوما. بيئسا اوڠكوس جيه (لوكل) ٥٠٠ فرانس كوڠو مسل نك جك ڽڠ تي تي.,travel,travel,0.40189218521118164
"ك اوق ڽن ڽڠ ڤراست بوت اوري اوري د لوار رومه, ڤرجالنن او جوروڠ لاؤة او لاڠيت سيب برت ڤنتيڠ.",travel,travel,0.42555364966392517
"جك مسافاري (كادڠ دكهن سباݢي ""جك لم بلوكر"", ""جك جيؤه مسافاري"",اتوا جك ""ڠن تاڤق"" ) ڽڠ نا روه جك جيؤه, جد ڤادوم جم اتوا ڤادوم اوري.",travel,travel,0.818084180355072
"سابوه٢ جيه چارا به جد لبيه باݢس بك تاكيريم ڽنكه دڠن د چيك بارڠ. اتورن مسكڤل هن جد د كيريم بارڠ لي اوق ڽن مڠڽو هنا ڤنومڤڠ, ڽن كه ڽن ساعت درينه نتاموڠ.",travel,sports,0.2774184048175812
تامه ۳۰۰ جوت کى مندوم ١.۳۰۰ ݢربوڠ ڽڠ کا ݢڤرلى کى ڤکورڠ ارت.,travel,travel,0.29267656803131104
"كلوارݢا دڠن انق ميت ڤرلو لبيه لا ڤرسياڤن, تاڤي سي اوري د لوار رومه موڠكين لبيه ماڠت دڠن انق ميت ڠن انق ݢوهلوم سيكولا.",travel,travel,0.4139559268951416
"سي منتوڠ ڽڠ ايك ماڽڠ تهت اتوا لبيه نيبك ݢونوڠ بنا تيڠت ك سلجو, ايس, اتوا سوهو بكو.",travel,travel,0.3317144215106964
"اري ڽي, تيمبوكتو ناكه كوتا ڽڠ ݢاسين, ادتڤيه مرتابت جيه جد ك كوتا سبݢي تمڤت جك تماش, ڠن نا سابوه بندارا.",travel,travel,0.25855737924575806
"نيبك تريب بادي سلجو, سيب دڠن سلجو منتوڠ جد ڤݢج درينه ربه لم واتو سيكليڤ مات.",travel,travel,0.4315057396888733
"مڠڽو درينه نا هوا ن ڤر او كليليڠ دونيا ن مندوم بك ولايه تونوڠ بومي, ڤيليهن اونتوق جك رج نن ڠن اونتوق توجوان كنن ڽن ساڠت ترباتس كرن ديت تهت كاڤل ڤر اتو لاؤة اره ولايه كنن.",travel,travel,0.5791506767272949
"مسكڤل لاݢو Emirates, Etihad Airways, Qatar Airways & Turkish Airlines كا د ڤلواس ولايه ڤر كاڤل تروه او افريكا دڠن يوم ڽڠ لبيه موراه داري مسكڤل٢ ايروڤا.",travel,travel,0.9604111909866333
هانا ترنسڤورتاسي لوبيه ڽڠ ݢڤاسڠ ڠن ݢريتن دي اتيه تانوه هانا اکن مڤيوه دي ويمبلي⹁ ڠن فسيليتس ڤرکير موتو سرتا ڤرکير-ڠن-ايک موتو هانا تسديا دي دارت.,travel,travel,0.6156314611434937
عموم جيه تيڠݢل د نڠݢري لاءين لم واتو ڽڠ تريب سواه تامرومڤک ويسا ڤهون٢ تهت.,travel,travel,0.42212942242622375
تيڤ ݢرتن اڤوى نا ڤلاتيه ميترو ڤلوس ڠن ميترو; ڤلاتيه موتور ڤلوس سابي ݢدوق بك اوجوڠ ݢرتن اڤوى تي ڠن چاڤي توون.,travel,travel,0.5211097598075867
تيڤ-تيڤ اورڠ ساڤوى كهن لم اورڠ جل ڠن ݢڤاكي سيستيم ترانسڤورتاسي. كا رب مندوم اورڠ ݢڤݢه حل ك سيستيم ترانسڤورتاسي.,travel,travel,0.503467857837677
"كرن داءيره ڽي جارڠ نا ڤندودوق, ڤؤلوسي هنا جد ك مسئاله, ݢتا جد ماڠت بك مات ته دس بينتڠ٢.",travel,health,0.45440730452537537
شرط ڠن اڠكوس يوم فيسا مباݢي جنيس نيبك سابوه نڠݢري لاءين ڠن جيڤڠاروه لى نڠݢري اصل درينه.,travel,travel,0.25488385558128357
"سچارا عموم جيه, هنا مݢونا تميتا كورڠ يم بڠكو ݢله بيسنيس اتوا ݢله ڤهون نيبك ڤنربڠن لڠسوڠ ڤوى داري ا او ب.",travel,entertainment,0.20424529910087585
سروم بوميراڠ ڽن كه سابوه كاهليان ڽڠ مشهور ڽڠ ݢالك لي اورڠ رامي.,travel,travel,0.3806014060974121
ڤنربڠن ڽي كن سابوه٢ جيه چارا مڠڽو درينه مهت نڤليوات اره ڤر ڤاسيفيك سلاتن ڠن ولايه ڤانتي بارت داري اميريكا سلاتن. (نكالن ديوب),travel,travel,0.4984596371650696
"سان ڤرانسيسكو كا ݢكمبڠكن اينفراستروكتور ڤڠونجوڠ ڽڠ رايق دڠن لا هوتيل, تمڤت سماجوه, ڠن تمڤت كسڤاكتن ݢله-اتس.",travel,travel,0.5922731757164001
ڤتبا دري واتو تاجك لم ملنچوڠ ناكه سابوه چارا ڽڠ ݢج اونتوق تاڤݢج سابوه هل ڽڠ مبيدا تاڤي ڽن كن چوما تتڠ بوت جوق.,travel,travel,0.5384314060211182
اورڠ موڠكين هنا ݢتڤوى بهوا صبر ڠن ڤفهوم ڽن ڤرلو ك اوق ݢالك جك٢ ڽڠ وي او رومه.,travel,sports,0.24597732722759247
"بيك تور نتامه بياي ك تمبهن visa, ڤاجك واتو تاڤر, بيياي جك د دارت, ڠن سباݢيجيه ك مندوم تمڤت٢ ڽن ڽڠ دلوار افريكا.",travel,travel,0.8683738708496094
لادوم اورڠ ݢمڤوڠ بيشکيک ݢڤساله ڤڠونجوق راس نيبق سلاتن اتوه ملڠݢيه حکوم.,politics,geography,0.333384245634079
لادوم بلݢيا واتو ڽي ناكه لادوم لوكسيمبورݢ ماس او ليكوت تتاڤي جد ك بلݢيا عوه تلس ريفولوسي بلݢيا تهون ١٨٣٠ ان.,politics,travel,0.5295186638832092
فون تهون ١۹۸۸، کوتق سو سواه ترنسڤرن بجوت ڤميليه ڠون ڤڠامت ݢکالون بهوا هان امڤلوڤ بق اواي ڤموڠوتن سو ڠون هان امڤلوڤ ڽڠ ݢتامه کچوالي اتا ڤميليه ڽڠ کا ݢبيلڠ ڠون ݢبري کواس.,politics,travel,0.4006878137588501
سمنتارا ڤردانا منترو جوليا ݢيلارد ڤکلايم لاويت کمڤڽى ڤنيليه فيديرل ٢٠١٠ بهوا ݢوبڽ ݢڤتيه اءوسترالي هرويه جوت کى ريڤوبليک بق اخى ڤمرنتهن راتو ايليزابيث II.,politics,travel,0.2640765309333801
ڤمرنته ايرلانديا ݢڤتݢون اورݢينسي حکوم ڤرلمين کى ݢڤݢوت کأداءن.,politics,travel,0.25122448801994324
ارݢومين ديڤلوماتيك بك ولايه ڽن سابي جيڤبروك هوبوڠن انتارا ارمينيا ڠن اذربيجان.,politics,travel,0.37902072072029114
ڤردان منترو ستيفن هارڤر کا ساڤو خن کى ݢکيريم 'کلين اير اک‌ت' ڤمرنته او کوميتى بندوم ڤيهق کى ݢکالون لوم، سيݢوهلوم ݢباچ کدوا جيه، اوه لهوه مرومڤوق ۲٥ مينيت اورو ثلاث ڠون شيح اين.دي.ڤي. جاک لايتون دي ڤي.ايم.او.,politics,travel,0.5561224818229675
سبولن ڽڠ کا لوڤه⹁ نا ڤروتيس رايق دي ڤولنديا واتى نڠرو ڽن ݢتندا تاڠن اي.سي.تي.اي.⹁ ڽڠ ڤسبب ڤمرنته ڤولنديا جڤڤوتوه هان مراتيفيکاسي ڤرجنجيان ڽن⹁ کى ساعة ڽو.,politics,travel,0.5400725603103638
نصحة ناكه سابوه چاليترا ڤانك نيبك كأداءن ڤوليتيك د سابوه نڠݢري.,politics,health,0.7102349996566772
لم ڤنيليه ١۹٧٦، ݢوبڽن ݢبي نصيحة بق کرتير تنتڠ کبيجقن لوا نڠرو، الهوه ڽن متوݢه سباݢو ڤنصيحة کأمنن نسيونل (اين.ايس.اي.) ١۹٧٧-١۹۸١، ݢلنتو هينري کيسينجر.,politics,travel,0.369974821805954
تورکي نق چوق ڤولڠ چيت کاواي اوق ڤجواڠ ايسيس ڽڠ ݢدروڤ، ڽڠ منوروت ‎ڤرڽاتاءن ڽن، نڠرو-نڠرو ايروڤا کا ݢتولق کى ݢفووو.,politics,travel,0.6523621678352356
"برڠݢادوم, ڤݢه ڽي جد اوسڠ كا راب لم سي ملم, واتو لبيه نيبك ٨٠٠٠٠٠ تنترا نيبك تنترا ميراه اوني سوفيىت جي تاموڠ ڠن ڤݢج بله بيلاروسيا ڠن اوكراينا عوه تلس ݢجك اينفاسي ولايه تيمو ڤولنديا ڽڠ ساكر قنون دامي ريݢا, ڤكتا هنا-اݢرسي اوفيت-ڤولنديا, ڠن قنون اينترناسيونل لاءين, جد بيلاترل اتوا ڤيه مولتي لاترل.",politics,travel,0.5917820334434509
لهوه ڤروسيس ڽن⹁ ايچ.جي.ار.-٣ ݢنق تيليق لوم لى لݢيسلاتيف ڽڠ تڤيليه لهوهجيه ݢيت تهون ٢٠١٥ اتاو ٢٠١٦ کى تتڤ لا ڤروسيس.,politics,travel,0.3134678900241852
"واتو كا تلس ݢتريموڠ لى كوڠريس عوه تڠݢل ٤ جولي, سابوه خط كݢبوه تيكين لى ڤريسيدن كوڠريس جوهن هانكوق ڠن سيكريتاريس چهارليس تهومسون تلس ڽن كيريم ݢكيريم او سابوه كدي سالين ڽڠ هنا جؤه نيبك سينن اترا جوهن دونلڤ.",politics,travel,0.41765668988227844
تڤت اوه لهوه ڤوه ١١:٠٠، اورڠ ڽڠ ڤروتيه ݢتوڤ لالو لينتس دي ݢربوڠ اوتارا دي وايتهال.,politics,travel,0.4899732172489166
"برڠݢادوم, بك بولن جوني ١٩٥٦, جنجي كروسهچهىص جي اوجي واتو كارو د ڤولنديا, د ڤت اورڠ-اورڠ كريجا كا ݢمدعوا هن سيب ڤناجوه ڠن دكوه ݢاجي, ماوبه جد ك دعوا اورڠ رامي بك كومونيسمى.",politics,travel,0.42427945137023926
"ڽن اكن ملڠسوڠ لم ٤٠ تهون او كر ڠن اكن ݢڤجواڠ ڠن ڽات, لى تنترا داري چابڠ, بك ولايه ڤراڠ نيبك افريكا تروه او اسيا, بك افݢانيستن, كبا, ڠن لى تمڤت لاءين.",politics,travel,0.4618249237537384
بولن ڽڠ کا لوڤه کوميسي کڤريسيدنن ݢريکوم ڤڠوندورن درو سي.اي.ڤي. سيݢوهلومجيه سباݢو بهاݢين نيبق ڤاکيت بوت کى ڤݢرق نڠرو او ڤميليه بارو.,politics,health,0.3146747350692749
توڤيق لاءين ڽڠ ݢبريتهى تماسوق کأداءن ماس اوکى ييروسليم ڽڠ سوچي کى بندوا نڠرو ڠن ڤکارا لمبه يوردن.,politics,travel,0.3187456429004669
ڽن ڤيه كن ڤو خرجن نك ڤسيبله قنون قنون ڤاجك ڠن اوڠكوه نيبك نڠݢري بهݢين.,politics,travel,0.4833301901817322
قانون ڤميلو ڤرنچيه ݢڤأتو ڤروسيس سچارا کتت.,politics,travel,0.2622229754924774
اوه لهوه سيالوحد تالو لم سيتڠوه واتى، بوش ݢخن کى اورڠ ڽڠ کالون هاي ڤلواه ڤردان اي اسيا.,politics,travel,0.3146117627620697
"رنچان ڽن بتول ك جد مهاسيل, ڽن جيڤڤوتوس ڤركاكس ك اورڠ ميليتر ڠن مشاركت, ادت ڤيه ڤتهن رج اوه ڽي ملڠݢيس ڠن حكوم دونيا ڽڠ كا ݢتريموڠ لى مندوم ڽڠ د ڤݢج لى لادوم ڽڠ مسابوه ڤاكت دوا رتوس تهون ڽڠ كا او ليكوت.",politics,travel,0.3166952133178711
سينمبوڠ ايكونومي كا ݢڤݢج لوم انتارا دوا بوه بهݢيان مولدوفا ادت ڤيه كسڤاكتن نا محسل.,politics,travel,0.4291510283946991
ݢڤڠون لى اوق ڽن⹁ ݢوبڽ ݢڤيقين ورݢ تيکساس لڠکه-لڠکه تڠوه ݢچوق کى ݢڤليندوڠ کسلامتن ڤوبليک.,politics,travel,0.30311450362205505
کريتيک ليبرال کى اوڤاي ريکونستروکسي کا مفوکوس بق ݢبري کونتراک ريکونستروکسي کى اورڠ اي وشيڠتون ڽڠ ݢأڠݢڤ.,politics,politics,0.23979131877422333
دري ١.٤٠٠ اورڠ ڽڠ ݢسورفي سيݢوهلوم ڤنيليه فيديرل ٢٠١٠⹁ اوق ڽڠ لاون اءوسترالي ڽڠ جوت کى ريڤوبليک تيموه ٨ ڤرسين مولافون ٢٠٠٨.,politics,travel,0.34915149211883545
اوق ديڤلومات خن بهوا اوقڽن کا متومى چوکوڤ امبيݢويتس لم کونستيتوسي افݢانيستن کى ‎ݢڤتنتى ڤوترن کدوا سباݢو هان ڤرلى.,politics,travel,0.22132062911987305
اوه لهوه حسى جيه تاموڠ، ݢيڠريچ ݢڤڤوجو سانتوروم، تتڤي نا کلمه ݢاس کى رومني، ڽڠ اتوه نن سو اعلان کمڤاڽى هان ݢيت ݢڤدوه نيبق ملاون ݢيڠريچ.,politics,travel,0.37398794293403625
ڽو ناکوه سي.اي.ڤي. کى ليموڠ مرتيلي لام ڤيت تهون.,politics,science/technology,0.24084270000457764
ڤراءيه مدالي موه اوليمڤيادى ڽن اکن ملاڠو لام ݢاي بيبوه ١٠٠م ڠن ٢٠٠م ڠن لام لهى ايستافيت دي کومونويل‌ث ݢايم‌س⹁ تڤي سبب کلوهنجيه کبوݢرنجيه ݢراݢو.,sports,sports,0.4250292181968689
سيلاءين جوارا ڽڠ کا لوڤه اوليمڤيک اند وورلد⹁ سايتو ناکوه ڤتوا کوميتي ڤلاتيهن اول جاڤن جودو فيديراشين بق واتى منيڠݢايجيه.,sports,travel,0.2809693217277527
کوميتى اوليمڤيادى اينترناسيونل ڤيليه کى ݢڤتموڠ اولهراݢ بق ڤرتمون ديوان ايکسيکوتيف اي برلين اورو ڽو. روݢبي⹁ تنتجيه روݢبي يونين⹁ ڠن ݢول‌ف ݢڤيليه نيبق ليموڠ اولهراݢ لاءين کى ݢتيمڠ کى مأيکوت لام اوليمڤيادى.,sports,travel,0.34015440940856934
تورنامين سيتهون سيݢر ڽڠ ڤاليڠ رايق د ڤݢج لم بولن ديسيمبر بك لاڤڠن ڤولو د لس كانيتاس.,sports,travel,0.30335530638694763
ڤفون ڤينه او ايبوکوتا کاتالن، ۏيدل کا ماءين ٤۹ ڤرتنديڠن کى کلوب ڽن.,sports,travel,0.40707290172576904
"تاڤنا ك داي كصيحتن ڽڠ تيمڠ, تاڤبوت چارا جيب اير ڽڠ ݢج ك لازيم, ڠن بتامڤهوم كڤادوم بوه حل نك بوت ڤاجوه سوڤليمين ڽڠ نك جد د ڤايك تناݢ سيدري اتليت ڠن جي ڤايك راس سنڠ لم منعين (سڤورت).",sports,travel,0.31535616517066956
بق ڤوسيسي کلهى، هاملين تالو دوا ڤلوه ڤوين، تتڤي منڠ ليموڠ ڤوين نيبق بويير. کاهن ڠون ترو جونيور ماسيڠ-ماسيڠ نا بق ڤوسيسي کليموڠ ڠون کأنم دڠون ۲.۲۲۰ دان ۲.۲۰٧ ڤوين.,sports,travel,0.3562077283859253
ريکور اولى کى اولى نادل ملاون ‎ڤتنيس کانادا ناکوه ٧-۲.,sports,travel,0.3967374563217163
هرقي ݢمرونو سلاما ‎ڤلاتيهن ڤرا-موسيم اي کوۏيرسيانو ايتالي بق اورو سيݢوهلومجيه. ݢوبڽ ݢئيه اي هوتيل تيم کونجوڠ ڤرتنديڠن ڽڠ ݢرنچڠ اورو الوحد لاون بولونيا.,sports,travel,0.532346248626709
راس خواطى اکن کورڠجيه ترنسڤورتاسي ڤݢوت لوبيه رايق کموڠکينن بهوا ڤرتنديڠن اکم ݢڤقسا ݢماءين سچارا متوڤ ڠن هانا ڤندوکوڠ تيم.,sports,travel,0.2071468085050583
"تومي دريمر ݢخن ""لونا ناکوه راتو ايکستريم فون. منجير فون لون. لونا ماتى بق مالم دوا بولن. سيڤ چوده لاݢى ݢوبڽن. اينوڠ ڽڠ توݢ.""",sports,science/technology,0.202630415558815
اوق ڽڠ ماءين سکي اݢم دري ڤولنديا ڽڠ هان جوت او⹁ مچيج کريزل⹁ ڠن ڤمندو انا اوݢرزنسک ݢدوق کلهى بله بق سوڤر-جي. جوڠ سوق باق دري کوريا سلاتن ݢدوق کدوا ڤلوه ڤت بق سوڤر-جي دوق اݢم.,sports,travel,0.3716355562210083
"ك خبر تنتڠ تورنامين ڠن ڤت د ڤوبلي تيكيت ك اچارا تادوڠ ڤولو, نكالن بك اسوسياتيون ارݢينتينا د ڤولو.",sports,travel,0.3409222662448883
مناءين دمولاي ڤوه ١۰:۰۰ بڠوه ڠون چواچ ڽڠ ݢيت به تهات اوجين مڤريت-ڤريت بق تڠوه ڽڠ ڤيرڠ دڠون بݢه، ڽن اداله اورو ڽڠ سمڤورنا اونتوق روݢبي ٧.,sports,travel,0.28104379773139954
ارلي ۏلسکيز نيبق مکسيکو ݢدوق کليموڠ بله لام سوڤر-جي دوق اݢم. ادم هال ݢدوق کسيکورڠ لام سوڤر-جي دوڠ اݢم.,sports,travel,0.29432329535484314
تنديڠ سنلهوه نيبق بابق ڽو کنق ايڤودوق اي ايليس ڤارک دي جوهان‌سبورݢ الوحد اوکى واتى سڤريڠبوک‌س ماءين لاون اءوسترالي.,sports,travel,0.4921171963214874
لم واتو ڽڠ ݢج ݢتا كنك تروه او تمڤت ڽڠ لبيه جؤه لوم نيبك نجك ڠن تاڤق – تاڤي جارڠ تهت ݢتا كنك تروه باݢس لاݢو تاجك ڠن سكي د عالم لوار ڠن هنا تس ݢهون ساجن واتو د جالن ڽڠ بيئسا.,sports,travel,0.5271971821784973
تالو توجوه ڤوين، جونسون نا لم ڤوسيسي کدوا دڠون ۲.۲٤۳.,sports,travel,0.39170166850090027
"جك لم رلڠ ( اتوا: كاڽونيريڠ) نا كه جك د ميوب سابوه رلڠ, ڽڠ موڠكين كادڠ تهور اتوا ڤنوه ڠن اير.",sports,travel,0.6389261484146118
روبين اوتاڤا ڤݢوت نيلاي تيڠکت ڤاليڠ ماڽڠ، ٧۰ ڤلوڠ سيت لم ٤١ بوهلا ڠون ݢفيه ١١ ڤوت ڠون ۲ نم.,sports,travel,0.3716457188129425
"اوله راݢا موسيم لڤئي ڤاليڠ مشهور د ولايه اوتارا, دڠن اورڠ ايتاليا ملومبا لم تنديڠ اينترناسيونل ڠن اچرا اوليميادى.",sports,travel,0.2725633382797241
مروچيدوري کالوه اي اتوه ريڽون، نم ڤوين نيبق نوسا بق ڤوسيسي کدوا.,sports,travel,0.27616363763809204
مايكل شوماخر ݢڤأخى بالڤنجيه هانا تريب لهوه الونسو⹁ سبب کروسقن سوسڤينسي لام لى باݢو ڤرتمڤورن لاويت بالڤن.,sports,sports,0.3457067906856537
"ڤاجوه ڤناجوه ڽڠ صحة ساݢل ڽن هنا سيب ك ڤنا تناݢ ڽڠ هاير, تاڤي اترا ڽن جد ك برت معاقبة نيبك اورڠ اتليت مودا ك بن مندوم كادءن ڽڠ ݢج.",sports,health,0.7240497469902039
ݢوبڽ هانا جوت جيب اوبت ݢڤرلى کى ݢڤڤوليه راس ساکيتجيه سبب ݢتهام دري اوليمڤيادى.,sports,travel,0.23429876565933228
ڤنليتين كا ݢتمو بهواسجيه اورڠ اينوڠ لبيه موده كنوڠ م س دوا ݢر ليڤت نيبك اورڠ اݢم.,health,travel,0.3197956085205078
"جيوا هنا جلس ماسيمباݢي ماچم حل كوتور ڽڠ مبهيا لاݢو ميتانول, ڽڠ جد ك سبب بوتا اتوا ماتى ادت ڤيه لم دوسيس اوبيت.",health,travel,0.3465697169303894
"ڤڠاروه نيبك بالا ساݢل, كن ديڤريسي ڠن ير ڽڠ كه شرط نيبك سيسي ڤ أ مسوسون تيڤ الحد ماتور.",health,travel,0.3770069479942322
"كڤمليقن موتو ماسل ڤيه جد ك سبب لبيه لى اينسيدن كچىلاكاءن د جالن, ڽڠ ماره نيبك تنمو تكنيك بارو لم ڤراوتن كصيحتن ك ڤݢج توبوه ڽڠ رلوه.",health,travel,0.2654954195022583
ڤنليتي اوتام خن اترا ڽو موڠکين محسى ديتيکسي فون کى کنکر، ت.ب.س.، ايچ.اي.ۏي. ڠون مالاريا کى ڤاسيان دي نڠرو ڽڠ ݢاسين، ڽڠ توه تيڠکت کى اودڤ کى ڤڽاکيت لاݢى کنکر بوه دادا جوت ستڠوه دري نڠرو ڽڠ لوبيه کاي.,health,health,0.6706740856170654
در. ايهود اور، ڤروفيسور کدوکترن بق يونيۏرسيتس دلهاوسي دي هليفاک‌س، نوفا سکوتيا ڠون کڤالا ديۏيسي كلينيس ڠون علميه دري اسوسياسي ديابيتيس کانادا ݢڤئيڠت بهوا ڤنليتين ڽو منتوڠ لم ماس ڽڠ کفون.,health,politics,0.4949178397655487
"انق-انق ميت ڽي جل ڤكركارا, سابب اوق ڽن ” ترڤاوت لم بهيا كڤتن, جي ملهو, ڠڽ جي لاون اوق رايق” ك ڤرنسڠ اوتق جيه, سابب اوتق جيه هن مرڠسڠ دڠن ميتودي بياس.",health,travel,0.42792585492134094
ماءنسي جوت جڤڠاروه دڠون ڤلهوه نافه ڽڠ کنوڠ اي ڽڠ جبا او اودارا لى اڠين ڠون ݢلومبڠ.,health,travel,0.3898952007293701
ڤادوم دري اورڠ ݢڤاتيه بهوا كا ݢعالمي لى لومڤي جڠيه ڽڠ د ايندوكسي ڠن چارا ارتيفيسيل قايم چوكوڤ جد هيك تهت.,health,travel,0.558595597743988
ڤوترو تريموڠ ڤراوتن دي باهو ݢوبڽ جينو تاڤي محسى باليق او ڤرمائينن.,health,travel,0.3076191842556
"سلاءين ڽن, هنا واسيل ك ڤبوت نا عاقبة ݢاسول : ديڤريسي متيموه, كورڠ ݢيزي, ڠن اخير جيه ماتي.",health,travel,0.3831287920475006
ڤجابت کوتا امستردام ڠون موسيوم ان فرڠ‌ک خن بهوا بق ڽن کا مکولت ڠون م‎ڤسبب بهاي کصيحتن اورڠ رامى سبب اوقڽن ايڤݢه بهوا بق ڽن لم بهاي روبه.,health,travel,0.6985543370246887
روموه ساکيت کا ايڤاتيه ڤروتوکول ‎ڤڠندالين اينفيکسي⹁ تماسوق ݢ‎ڤأسيڠ اورڠ سکيت نيبق اورڠ لاءين کى ݢهيندر کموڠکينن اينفيکسي اورڠ لاءين.,health,travel,0.33748888969421387
اينستيتوت کعاديلن ڠن ديموکراسي هايتي کا مڠچو ڤد ستودي ايندڤندن ڽڠ ݢ‎ڤوݢه بهوا باتاليون کاواي دامى ڤ.ب.ب. نيڤل هان ݢتهى ݢبا ڤثاکيت ڽن او هايتي.,health,travel,0.4030093550682068
"ڤڽاكيت ڽڠ مجڠكيت ڽن, اتوا مناتڠ ڽڠ مڤالي ڽڠ جد ڤلوكا اتوا جيكب اتوا جيڤوه ماتي اورڠ ڠن جيڤكسا, بيئسا جيه هن د تاموڠ لم كلومڤوق هام.",health,travel,0.476914644241333
"انق ميت ڽڠ كنوڠ"" ا دد"" ڤايه ك فوكوس بك حل-حل لاݢو بوت سيكولا, تتاڤي اوق ڽن جد كونسينتراسي بك حل-حل ڽڠ اوق ڽن ݢالق لاݢو معين ݢيم اتوا كالن كارتون ڽڠ ݢالق اوق ڽن اتوا جي تموليه كاليمه هنا متندا باچ.",health,entertainment,0.35967302322387695
لم واتى ستهون، اورڠ ڽڠ تأينفيکسي جوت ݢڤأينفيکسي ١۰ سمڤو ١٥ اورڠ ڽڠ رب.,health,travel,0.3464643359184265
واتى ڤرڠ کا جڤيوه اوه لهوه ڽڠ چيدرا ݢبا او روموه ساکيت، ليڠک ٤۰ ناراڤيدانا ڽڠ تيڠݢاي جدوق لم تامن ڠون تولق کى ريواڠ او سيل اوقڽن.,health,travel,0.33456850051879883
دوكتر كا مولاءي ݢتاريك لى راج اݢوستوس ڠن ݢڤݢج كورڤوراسي ميديس روماوي ڽڠ ك ڤهون ك جيڠوى عوه تلس ڤراڠ.,health,travel,0.4986770749092102
تڤي⹁ اورڠ مى موتو برت تهات لوت بق اولى.,health,travel,0.45593997836112976
"""کامو جينو نا تيكويه عمو ٤ بولن ڽڠ هانا ديابيتيس ڽڠ اوايجيه ساکيت ديابيتيس،"" غتامه لى غوبڽن.",health,travel,0.49267658591270447
"توبا ڽڠ كنوڠ لم توبوه ڽن هن دس سيݢرا. حل-حل ڽڠ متكا, لاݢو مونته ناكه عموم جيه سابوه حل كڤريقسا ڽڠ باݢه هن جد تاڤنا.",health,travel,0.2500154972076416
مسببجيه، اوق ڽڠ ماءين ڽن ݢ‎ڤيڤ روکوق ݢنجا اي اتوه ڤڠݢوڠ، ڠون سنديوارا ڽن کدرو ݢڤمهوت اورڠ کالون کى مساڤت.,entertainment,geography,0.2486146092414856
ايروسميث کا ݢڤبطى اينچيت کونسر اوق ثن لام تور اوق ڽن.,entertainment,travel,0.2614305913448334
مسل درينه نك تي دڠن ݢلاݢت درينه واجيب جك بڤهون نك متمو تمڤت دوم تي دڠن موسيق.,entertainment,entertainment,0.26375535130500793
ڽن جل فورمت فيلم ڽڠ مبيدا مبيدا ڽڠ جيڤاكي كا متهون متهون. فيلم ستندر ٣٥ م م (٣٦x٢٤ م م نݢاتيف) ڽن كه نيبك عموم جيه.,entertainment,travel,0.39251747727394104
"ادت ڤيه ڽي ناكه سابوه كݢياتن ڽڠ عموم, تاڤي ݢتݢه لى ديسنيي: تيكيت هن جد ڤينه جاري.",entertainment,travel,0.35322436690330505
تيڤ ايڤيسودى اچارا اکن ڤڤوست بق تيما لم بوکو تتنتى ڠون لهوه ڽن ݢڤݢوت تيما ڽن ملالوي حکاية-حکاية.,entertainment,travel,0.517167329788208
لادوم لايى تيۏي رايق دڤاسڠ دوم ڤت اي روما ماڠت اورڠ-اورڠ کالون اوڤاچارا ڽن.,entertainment,travel,0.5219255089759827
سوڤهوچهليس ڠن اريستوڤهانيس ڽن اورڠ ڽڠ معين دالڤ ڽڠ منتوڠ منتوڠ مشهور ڠن دالڤ اوق ڽن جيتهو سباݢي ساله سابوه ڽڠ ڤاليڠ ݢج نيبك ليتراتور دونيا.,entertainment,travel,0.37377214431762695
تيڤ ڤياسن اکن ݢبري چيت ريکومينداسي بوکو-بوکو ڽڠ هاروه ݢميتا لى انق-انق ميت واتى اوق ڽن جق او ڤوستاک اوق ڽن.,entertainment,travel,0.298766165971756
"بك اكورديون, به متمو سو ڽڠ لبيه رايق, ݢتا نهمبوس دڠن لبيه متݢون اتوا لبيه باݢه.",entertainment,travel,0.48693543672561646
ݢتا جد تا ار ڤيراميدا ڽن لم سڤوت ڠن لم سڠڤ سيݢوهلوم ڤياسن ڽن د ڤڤهون.,entertainment,travel,0.40584561228752136
"تمسيل جيه بوت سي اوري-اوري بك دري ته ترماسوق جك لم اوتن, جك كماويل, جك چوق ݢمبر, جك تيليك چيچم, ڠن جك ساور سلامن ڠن جك ستج بريتا بهس ايكوسيستيم.",entertainment,travel,0.3301985263824463
سڤهينڠ ڽن دڤجد ك لاير د ليكوت ڠن ك ڽڠ ڤݢه سابوه چاليترا ڽڠ ڤاڽڠ.,entertainment,travel,0.2949800491333008
"اوق ڽن بيئسا جيه نا مكنن خصوص اير جيب ڠن جيڤتبا ڤياسن, ك جامو نك ڽامن ݢه, ڠن ك جݢا اوق ڽن بك ڤريميس.",entertainment,geography,0.30606815218925476
کا ݢڤتهى لام باس ايڠݢريه ڠن جوڤڠ⹁ اورݢانيساسي ݢلوبل ݢڤتبيت ڤروݢرم مباس سڤڽول⹁ ايتالي⹁ ڠن کوريا⹁ کى تيليۏيسي⹁ ويب⹁ ڠن ڤرڠکت سلولر.,entertainment,travel,0.505317211151123
سيݢوهلوم دي سيمڤسونس⹁ سايمون کا کرجا اي لادوم ڤياسن بق ماچم ڤوسيسي.,entertainment,health,0.2865298092365265
ڽو اکن ݢڤموڠکن ڤماءين ݢڤتيمڠ تيندقن ڠن ݢرق لام ۏيديو ݢايم دڠن ݢڤݢرق ڤرڠکت دي اودارا.,entertainment,geography,0.28077906370162964
ستيدقجيه ١٠٠ درو اورڠ کا توک لام ڤيستا ڽن⹁ کى ڤياسن ميلاد فون ڤاسڠن ڽڠ ڤرنکاحنجيه ݢڤوبوت تهون ڽڠ کا لوڤه.,entertainment,travel,0.44628995656967163
دوا بوه لاݢو دري فيلم ڽن، اوديشين (دي فول‌س هو دريم) ڠون سيتي اوف ستارس، تريموڠ نوميناسي کى لاݢو اصلي ڽڠ ڤاليڠ ݢيت. ستوديو لايون‌سݢايت تريموڠ ۲٦ نوميناسي — لوبيه لى دري ستوديو ڽڠ لاءين.,entertainment,entertainment,0.32735779881477356
كرق جيه تبل سڠكيرا ٧٠ ك م د بهݢين ڽڠ تي ڠن تبل ١٠٠ ك م د بهݢين ڽڠ جؤه جيه.,geography,travel,0.4865826368331909
لبيه جيؤه او تونوڠ ناكه اير ترجون نياݢارا ڽڠ بله باروه ناكه رومه عالم ڽڠ چده موسكوكا ڽڠ عوه تلس نيبك ڽن.,geography,travel,0.42644786834716797
"ايللسؤرته لاند ناكه دائيره بله تونوڠ اوجوڠ تنجوڠ, د چر لي لاؤة بيلليڠسهاوسين.",geography,travel,0.4510650932788849
ساوته ڤول ترافيرسي(اتوا جالن راي) ڤاڽڠ جيه ١٦٠٠ ك.م داري ستاسيون م چ موردو د اتس لاؤة روسس او كوتوب.,geography,geography,0.30574896931648254
"ماڽڠ د اتس بله باروه اوجوڠ داري ماچهو ڤيچهو ڽنكه ݢونوڠ مرلڠ, قايم جد ك لاير ك چوق ݢمبر داري جل ݢمبر ڽڠ تيڠݢل داري تمڤت ڽن.",geography,travel,0.4748787581920624
اينسيلادوس ناکوه اوبجيق ڽڠ ڤاليڠ ريفليکتيف بق تاتا سوريا، ڽڠ هو سيليڠک ۹۰ ڤرسين چهاي ماتاءورو ڽڠ کنوڠجيه.,geography,travel,0.4411308169364929
"هنا مساڤوى ڽڠ دس سلاءين لاڠيت ڽڠ ݢليه, چده د اتس ڠن لا ݢونوڠ مليڠكر. باچوت حل ڽڠ جت تاكالن ڠن تادڠر نيبك دالم ݢوها ڽي.",geography,travel,0.40198490023612976
"جيني ك جڤاڠ. جڤاڠ جامن ڽنكه سابوه نڠݢري ڤولو, سابن سيت لاݢو ايڠݢريه.",geography,travel,0.1942089945077896
بق ڤونچا جيه، سيکلون تروڤيس ݢونو، ݢبوه نن خوت دڠون سابوه کرتايه اون ڤالم لم باس مالاديوا، تروق بݢه اڠين ۲٤۰ کيلوميتى ڤر جم (١٤۹ ميل ڤر جم).,geography,travel,0.6720576882362366
"ولايه توركي, جيتاموڠ دانو, جيدوق ٧٨٣٥٦٢ كيلوميتير ڤتساݢي (٣٠٠٠٩٤٨ س ق مي), ناكه ٧٥٥٦٨٨ كيلوميتير ڤتساݢي (٢٩١٧٣٣ س ق مي)ساڤت د اسيا بارت داي ڠن ٢٣٧٦٤ كيلوميتير ڤتساݢي (٩١٧٤ س ق مي ) د ايروڤا.",geography,travel,0.5009984374046326
"ڤولو سهيتلاند سلاتن, ڽڠ دتمو بك تهون ١٨١٩, د اكوءي لى ڤادوم بوه نڠݢري, ڤولو ڽن نا ڤاليڠ لا مركه تنترا, دڠن نم بلس ڽڠ منتڠ اكتيف لم تهون ٢٠٢٠.",geography,travel,0.5221236944198608
اڤيا ناكه ابو كوتا ساموا. كوتا ڽي بك ڤولو اوڤولو ڠن مشاركت كورڠ نيبك ٤٠٠٠٠.,geography,travel,0.5882759094238281
سب بادى جيئوه نيبق دارت⹁ منتڠ ڤايه کى ݢڤڽوم ڤوتينسي مو عقيبت او امريکا سريکت اتاو کريبيا.,geography,travel,0.37281373143196106
لبيه ليڤيه د ميوب ماريا ڠڽ لبيه تبل د ميوب داترن ماڽڠ.,geography,travel,0.5615795254707336
اوتن جيه ڽن ڤيه كن الور باكاو ساݢل — ڽن د تاموڠ لادوم داري ريمبا ريمبا خر ڽڠ تيڠݢل ڽڠ ديلير د كهوڤ تانه لواس ݢاڠينتيك.,geography,travel,0.42163681983947754
ڤتا ݢمڤا بنسيݢوم دوڽا دري سورۏي ݢيولوݢي امريکا سريکت جڤتوڽوق هانا ݢمڤا نيبق ايسلنديا سالوحد سݢوهلوم جيه.,geography,travel,0.34875383973121643
"ݢدوق د اتس سابوه نيبك بك ݢونوڠ لم ولايه اوتارا مكة, ݢوها ڽن كبيت مڤيسه نيبك دونيا لوار.",geography,travel,0.7262908816337585
